"","Cad1598","Cad0630","Cad0069","Cad0912","Cad1029","Cad1032","Cad2096","Cad1471","Cad1491","Cad0339","Cad0987","Cad1406","Cad1357","Cad0761","Cad0326","Cad0739","Cad1287","Cad1106","Cad0316","Cad1738","Cad1592","Cad1487","Cad1782","Cad0100","wt"
"1B_0",-2.99573227355399,-2.99573227355399,-2.99573227355399,-2.99573227355399,-2.99573227355399,-2.99573227355399,-2.99573227355399,-2.99573227355399,-2.99573227355399,-2.99573227355399,-2.99573227355399,-2.99573227355399,-2.99573227355399,-2.99573227355399,-2.99573227355399,-2.99573227355399,-2.99573227355399,-2.99573227355399,-2.99573227355399,-2.99573227355399,-2.99573227355399,-2.99573227355399,0.853926091355701,0.853926091355701,-2.99573227355399
"1B_7",-2.99573227355399,-2.99573227355399,-2.99573227355399,-2.99573227355399,-2.99573227355399,-2.99573227355399,-2.99573227355399,-2.99573227355399,-2.99573227355399,-2.99573227355399,-2.99573227355399,-2.99573227355399,-2.99573227355399,-2.99573227355399,-2.99573227355399,-2.99573227355399,-2.99573227355399,-2.99573227355399,-2.99573227355399,-2.99573227355399,-2.99573227355399,-2.99573227355399,0.882470792864803,0.601661040732573,-2.99573227355399
"1B_8",-2.99573227355399,-2.99573227355399,-2.99573227355399,-2.99573227355399,-2.99573227355399,-2.99573227355399,-2.99573227355399,-2.99573227355399,-2.99573227355399,-2.99573227355399,-2.99573227355399,-2.99573227355399,-2.99573227355399,-2.99573227355399,-2.99573227355399,-2.99573227355399,-2.99573227355399,-2.99573227355399,-2.99573227355399,-2.99573227355399,-2.99573227355399,-2.99573227355399,-2.99573227355399,0.170892860970335,-2.99573227355399
"1B_10",-2.99573227355399,-2.99573227355399,-2.99573227355399,-2.99573227355399,-2.99573227355399,-2.99573227355399,-2.99573227355399,-2.99573227355399,-2.99573227355399,-2.99573227355399,-2.99573227355399,-2.99573227355399,-2.99573227355399,-2.99573227355399,-2.99573227355399,-2.99573227355399,-2.99573227355399,-2.99573227355399,-2.99573227355399,-2.99573227355399,-2.99573227355399,-2.99573227355399,2.04669979462426,2.04669979462426,-2.99573227355399
"1B_14",-2.99573227355399,-2.99573227355399,-2.99573227355399,-2.99573227355399,-2.99573227355399,-2.99573227355399,-2.99573227355399,-2.99573227355399,-2.99573227355399,-2.99573227355399,-2.99573227355399,-2.99573227355399,-2.99573227355399,-2.99573227355399,-2.99573227355399,-2.99573227355399,-2.99573227355399,-2.99573227355399,-2.99573227355399,-2.99573227355399,-2.99573227355399,-2.99573227355399,1.57109300612621,1.57109300612621,-2.99573227355399
"1B_17",-2.99573227355399,-2.99573227355399,-2.99573227355399,-2.99573227355399,-2.99573227355399,-2.99573227355399,-2.99573227355399,-2.99573227355399,-2.99573227355399,-2.99573227355399,-2.99573227355399,-2.99573227355399,-2.99573227355399,-2.99573227355399,-2.99573227355399,-2.99573227355399,-2.99573227355399,-2.99573227355399,-2.99573227355399,-2.99573227355399,-2.99573227355399,-2.99573227355399,1.61938824328727,1.61938824328727,-2.99573227355399
"1B_18",-2.99573227355399,-2.99573227355399,-2.99573227355399,-2.99573227355399,-2.99573227355399,-2.99573227355399,-2.99573227355399,-2.99573227355399,-2.99573227355399,-2.99573227355399,-2.99573227355399,-2.99573227355399,-2.99573227355399,-2.99573227355399,-2.99573227355399,-2.99573227355399,-2.99573227355399,-2.99573227355399,-2.99573227355399,-2.99573227355399,-2.99573227355399,-2.99573227355399,-0.384318051875794,-0.384318051875794,-2.99573227355399
"1B_20",-2.99573227355399,-2.99573227355399,-2.99573227355399,-2.99573227355399,-2.99573227355399,-2.99573227355399,-2.99573227355399,-2.99573227355399,-2.99573227355399,-2.99573227355399,-2.99573227355399,-2.99573227355399,-2.99573227355399,-2.99573227355399,-2.99573227355399,-2.99573227355399,-2.99573227355399,-2.99573227355399,-2.99573227355399,-2.99573227355399,-2.99573227355399,-2.99573227355399,2.07250967698641,2.07250967698641,-2.99573227355399
"1B_22",-2.99573227355399,-2.99573227355399,-2.99573227355399,-2.99573227355399,-2.99573227355399,-2.99573227355399,-2.99573227355399,-2.99573227355399,-2.99573227355399,-2.99573227355399,-2.99573227355399,-2.99573227355399,-2.99573227355399,-2.99573227355399,-2.99573227355399,-2.99573227355399,-2.99573227355399,-2.99573227355399,-2.99573227355399,-2.99573227355399,-2.99573227355399,-2.99573227355399,0.799268276468485,0.799268276468485,-2.99573227355399
"1B_25",-2.99573227355399,-2.99573227355399,-2.99573227355399,-2.99573227355399,-2.99573227355399,-2.99573227355399,-2.99573227355399,-2.99573227355399,-2.99573227355399,-2.99573227355399,-2.99573227355399,-2.99573227355399,-2.99573227355399,-2.99573227355399,-2.99573227355399,-2.99573227355399,-2.99573227355399,-2.99573227355399,-2.99573227355399,-2.99573227355399,-2.99573227355399,-2.99573227355399,-1.07302991714369,-0.248554944062969,-2.99573227355399
"1B_26",-2.99573227355399,-2.99573227355399,-2.99573227355399,-2.99573227355399,-2.99573227355399,-2.99573227355399,-2.99573227355399,-2.99573227355399,-2.99573227355399,-2.99573227355399,-2.99573227355399,-2.99573227355399,-2.99573227355399,-2.99573227355399,-2.99573227355399,-2.99573227355399,-2.99573227355399,-2.99573227355399,-2.99573227355399,-2.99573227355399,-2.99573227355399,-2.99573227355399,-2.99573227355399,-0.745222991336428,-2.99573227355399
"1B_27",-2.99573227355399,-2.99573227355399,-2.99573227355399,-2.99573227355399,-2.99573227355399,-2.99573227355399,-2.99573227355399,-2.99573227355399,-2.99573227355399,-2.99573227355399,-2.99573227355399,-2.99573227355399,-2.99573227355399,-2.99573227355399,-2.99573227355399,-2.99573227355399,-2.99573227355399,-2.99573227355399,-2.99573227355399,-2.99573227355399,-2.99573227355399,-2.99573227355399,-2.99573227355399,0.209800489403731,-2.99573227355399
"1B_30",-2.99573227355399,-2.99573227355399,-2.99573227355399,-2.99573227355399,-2.99573227355399,-2.99573227355399,-2.99573227355399,-2.99573227355399,-2.99573227355399,-2.99573227355399,-2.99573227355399,-2.99573227355399,-2.99573227355399,-2.99573227355399,-2.99573227355399,-2.99573227355399,-2.99573227355399,-2.99573227355399,-2.99573227355399,-2.99573227355399,-2.99573227355399,-2.99573227355399,-2.99573227355399,-0.805587371805833,-2.99573227355399
"1B_31",-2.99573227355399,-2.99573227355399,-2.99573227355399,-2.99573227355399,-2.99573227355399,-2.99573227355399,-2.99573227355399,-2.99573227355399,-2.99573227355399,-2.99573227355399,-2.99573227355399,-2.99573227355399,-2.99573227355399,-2.99573227355399,-2.99573227355399,-2.99573227355399,-2.99573227355399,-2.99573227355399,-2.99573227355399,-0.526716991102625,-2.99573227355399,-2.99573227355399,-2.99573227355399,-0.526716991102625,-2.99573227355399
"1B_32",-2.99573227355399,-2.99573227355399,-2.99573227355399,-2.99573227355399,-2.99573227355399,-2.99573227355399,-2.99573227355399,-2.99573227355399,-2.99573227355399,-2.99573227355399,-2.99573227355399,-2.99573227355399,-2.99573227355399,-2.99573227355399,-2.99573227355399,-2.99573227355399,-2.99573227355399,-2.99573227355399,-2.99573227355399,-0.381390160762878,-2.99573227355399,-2.99573227355399,-2.99573227355399,-0.381390160762878,-2.99573227355399
"1B_33",-2.99573227355399,-2.99573227355399,-2.99573227355399,-2.99573227355399,-2.99573227355399,-2.99573227355399,-2.99573227355399,-2.99573227355399,-2.99573227355399,-2.99573227355399,-2.99573227355399,-2.99573227355399,-2.99573227355399,-2.99573227355399,-2.99573227355399,-2.99573227355399,-2.99573227355399,-2.99573227355399,-2.99573227355399,1.01701608736626,-2.99573227355399,-2.99573227355399,-2.99573227355399,1.01701608736626,-2.99573227355399
"1B_36",-2.99573227355399,-2.99573227355399,-2.99573227355399,-2.99573227355399,-2.99573227355399,-2.99573227355399,-2.99573227355399,-2.99573227355399,-2.99573227355399,-2.99573227355399,-2.99573227355399,-2.99573227355399,-2.99573227355399,-2.99573227355399,-2.99573227355399,0.350560397733397,-2.99573227355399,-2.99573227355399,-2.99573227355399,-2.99573227355399,-2.99573227355399,-2.99573227355399,-2.99573227355399,1.42541628119519,-2.99573227355399
"1B_37",-2.99573227355399,-2.99573227355399,-2.99573227355399,-2.99573227355399,-2.99573227355399,-2.99573227355399,-2.99573227355399,-2.99573227355399,-2.99573227355399,-2.99573227355399,-2.99573227355399,-2.99573227355399,-2.99573227355399,-2.99573227355399,-2.99573227355399,-2.99573227355399,-2.99573227355399,-2.99573227355399,-2.99573227355399,-2.99573227355399,-2.99573227355399,-2.99573227355399,-2.99573227355399,0.00237812240496698,-2.99573227355399
"1B_38",-2.99573227355399,-2.99573227355399,-2.99573227355399,-2.99573227355399,-2.99573227355399,-2.99573227355399,-2.99573227355399,-2.99573227355399,-2.99573227355399,-2.99573227355399,-2.99573227355399,-2.99573227355399,-2.99573227355399,-2.99573227355399,-2.99573227355399,-2.99573227355399,-2.99573227355399,-2.99573227355399,-2.99573227355399,-2.99573227355399,-2.99573227355399,-2.99573227355399,-2.99573227355399,-0.092039671682166,-2.99573227355399
"1B_40",-2.99573227355399,-2.99573227355399,-2.99573227355399,-2.99573227355399,-2.99573227355399,-2.99573227355399,-2.99573227355399,-2.99573227355399,-2.99573227355399,-2.99573227355399,-2.99573227355399,-2.99573227355399,-2.99573227355399,-2.99573227355399,-2.99573227355399,-2.99573227355399,-2.99573227355399,-2.99573227355399,-2.99573227355399,-2.99573227355399,-2.99573227355399,-2.99573227355399,-2.99573227355399,-0.0243685910169576,-2.99573227355399
"1B_42",-2.99573227355399,-2.99573227355399,-2.99573227355399,-2.99573227355399,-2.99573227355399,-2.99573227355399,-2.99573227355399,-2.99573227355399,-2.99573227355399,-2.99573227355399,-2.99573227355399,-2.99573227355399,-2.99573227355399,-2.99573227355399,-2.99573227355399,-0.650666185583779,-2.99573227355399,-2.99573227355399,-2.99573227355399,-2.99573227355399,-2.99573227355399,-2.99573227355399,-2.99573227355399,0.879000230135373,-2.99573227355399
"1B_43",-2.99573227355399,-2.99573227355399,-2.99573227355399,-2.99573227355399,-2.99573227355399,-2.99573227355399,-2.26938212171578,-2.99573227355399,-2.99573227355399,-2.99573227355399,-2.99573227355399,-2.99573227355399,-2.99573227355399,-2.99573227355399,-2.99573227355399,-2.99573227355399,-2.99573227355399,-2.99573227355399,-2.99573227355399,-2.99573227355399,-2.99573227355399,-2.99573227355399,-2.99573227355399,-0.993560067125309,-2.99573227355399
"1B_44",-2.99573227355399,-2.99573227355399,-2.92511138024097,-2.99573227355399,-2.99573227355399,-2.99573227355399,-2.99573227355399,-2.44660385095021,-2.92511138024097,-2.99573227355399,-2.99573227355399,-2.99573227355399,-2.99573227355399,-2.99573227355399,-2.99573227355399,-2.99573227355399,-2.99573227355399,-2.99573227355399,-2.99573227355399,-2.99573227355399,-2.99573227355399,-2.99573227355399,-2.99573227355399,-0.913203886861147,-2.99573227355399
"1B_45",-2.99573227355399,-2.99573227355399,-2.66772522448483,-2.99573227355399,-2.99573227355399,-2.99573227355399,-2.99573227355399,-2.53685396643562,-2.8183400301527,-2.8183400301527,-2.8183400301527,-2.99573227355399,-2.99573227355399,-2.66772522448483,-2.99573227355399,-2.99573227355399,-2.99573227355399,-2.99573227355399,-2.99573227355399,-2.99573227355399,-2.99573227355399,-2.99573227355399,-2.99573227355399,-2.13762349706257,-2.99573227355399
"1B_46",-2.88751868891376,-2.70093273333335,-2.99573227355399,-2.99573227355399,-2.99573227355399,-2.99573227355399,-2.99573227355399,-2.99573227355399,-2.23359222150709,-2.18163248257638,-2.13223972724681,-2.99573227355399,-2.99573227355399,-1.45733013423664,-2.99573227355399,-2.99573227355399,-2.99573227355399,-2.99573227355399,-2.99573227355399,-2.99573227355399,-2.99573227355399,-2.99573227355399,-2.99573227355399,-2.99573227355399,-2.99573227355399
"1B_47",-2.99573227355399,-2.99573227355399,-2.99573227355399,-2.51976505380816,-2.51976505380816,-2.51976505380816,-2.99573227355399,-2.99573227355399,-2.99573227355399,-2.99573227355399,-2.99573227355399,-2.19861231212038,-2.99573227355399,-2.99573227355399,-2.99573227355399,-2.99573227355399,-2.99573227355399,-2.99573227355399,-2.99573227355399,-2.99573227355399,-2.99573227355399,-2.99573227355399,-2.99573227355399,-2.99573227355399,-2.99573227355399
"1B_48",-2.99573227355399,-2.99573227355399,-2.99573227355399,-2.99573227355399,-2.99573227355399,-2.99573227355399,-2.99573227355399,-2.99573227355399,-2.99573227355399,-2.99573227355399,-2.99573227355399,-2.44026329550927,-2.99573227355399,-2.99573227355399,-2.99573227355399,-2.99573227355399,-2.99573227355399,-2.99573227355399,-2.99573227355399,-2.99573227355399,-2.99573227355399,-2.99573227355399,-2.99573227355399,-2.99573227355399,-2.99573227355399
"1B_55",-2.99573227355399,-2.99573227355399,-2.99573227355399,-2.99573227355399,-2.99573227355399,-2.99573227355399,-2.99573227355399,-2.99573227355399,-2.99573227355399,-2.99573227355399,-2.99573227355399,-2.99573227355399,-2.20999230616622,-2.99573227355399,-2.99573227355399,-2.99573227355399,-2.99573227355399,-2.99573227355399,-2.99573227355399,-2.99573227355399,-2.99573227355399,-2.99573227355399,-2.99573227355399,-2.99573227355399,-2.99573227355399
"1B_58",-2.99573227355399,-2.99573227355399,-2.99573227355399,-2.99573227355399,-2.99573227355399,-2.99573227355399,-2.99573227355399,-2.99573227355399,-2.99573227355399,-2.99573227355399,-2.99573227355399,-2.99573227355399,-2.29499972160479,-2.99573227355399,-2.99573227355399,-2.99573227355399,-2.99573227355399,-2.99573227355399,-2.99573227355399,-2.99573227355399,-2.99573227355399,-2.99573227355399,-2.99573227355399,-2.99573227355399,-2.99573227355399
"1B_61",-2.99573227355399,-2.99573227355399,-2.99573227355399,-2.99573227355399,-2.99573227355399,-2.99573227355399,-2.99573227355399,-2.99573227355399,-2.99573227355399,-2.99573227355399,-2.99573227355399,-2.99573227355399,-2.99573227355399,-2.99573227355399,-2.99573227355399,-2.99573227355399,-2.99573227355399,-0.778101886895362,-2.99573227355399,-2.99573227355399,-2.99573227355399,-2.99573227355399,-2.99573227355399,-2.99573227355399,-2.99573227355399
"1B_63",-2.99573227355399,-2.99573227355399,-2.99573227355399,-2.99573227355399,-2.99573227355399,-2.99573227355399,-2.99573227355399,-2.99573227355399,-2.99573227355399,-2.99573227355399,-2.99573227355399,-2.99573227355399,-2.99573227355399,-2.99573227355399,-2.99573227355399,-2.99573227355399,-2.99573227355399,-0.237095102986621,-2.99573227355399,-2.99573227355399,-2.99573227355399,-2.99573227355399,-2.99573227355399,-2.99573227355399,-2.99573227355399
"1B_64",-2.99573227355399,-2.99573227355399,-2.99573227355399,-2.99573227355399,-2.99573227355399,-2.99573227355399,-2.99573227355399,-2.99573227355399,-2.99573227355399,-2.99573227355399,-2.99573227355399,-2.99573227355399,-2.99573227355399,-2.99573227355399,-2.99573227355399,-2.99573227355399,-2.99573227355399,-0.0243685910169576,-2.99573227355399,-2.99573227355399,-2.99573227355399,-2.99573227355399,-2.99573227355399,-2.99573227355399,-2.99573227355399
"1B_65",-2.99573227355399,-2.99573227355399,-2.99573227355399,-2.99573227355399,-2.99573227355399,-2.99573227355399,-2.99573227355399,-2.99573227355399,-2.99573227355399,-2.99573227355399,-2.99573227355399,-2.99573227355399,-2.99573227355399,-2.99573227355399,-2.99573227355399,-2.99573227355399,-2.99573227355399,-0.602370100086606,-2.99573227355399,-2.99573227355399,-0.602370100086606,-2.99573227355399,-2.99573227355399,-2.99573227355399,-2.99573227355399
"1B_66",-2.99573227355399,-2.99573227355399,-2.99573227355399,-2.99573227355399,-2.99573227355399,-2.99573227355399,-2.99573227355399,-2.99573227355399,-2.99573227355399,-2.99573227355399,-2.99573227355399,-2.99573227355399,-2.99573227355399,-2.99573227355399,-2.99573227355399,-2.99573227355399,-2.99573227355399,-0.773224182374331,-0.667551633370982,-2.99573227355399,0.209553683563645,-2.99573227355399,-2.99573227355399,-2.99573227355399,-2.99573227355399
"1B_71",-2.99573227355399,-2.99573227355399,-2.99573227355399,-2.99573227355399,-2.99573227355399,-2.99573227355399,-2.99573227355399,-2.99573227355399,-2.99573227355399,-2.99573227355399,-2.99573227355399,-2.99573227355399,-2.99573227355399,-2.99573227355399,-0.158746229903888,-2.99573227355399,-2.99573227355399,-2.99573227355399,0.22699155991038,-2.99573227355399,0.22699155991038,-2.99573227355399,-2.99573227355399,-2.99573227355399,-2.99573227355399
"1B_73",-2.99573227355399,-2.99573227355399,-2.99573227355399,-2.99573227355399,-2.99573227355399,-2.99573227355399,-2.99573227355399,-2.99573227355399,-2.99573227355399,-2.99573227355399,-2.99573227355399,-2.99573227355399,-2.99573227355399,-2.99573227355399,-2.99573227355399,-2.99573227355399,-2.99573227355399,-2.99573227355399,-0.470463505087365,-2.99573227355399,-0.470463505087365,-2.99573227355399,-2.99573227355399,-2.99573227355399,-2.99573227355399
"1B_74",-2.99573227355399,-2.99573227355399,-2.99573227355399,-2.99573227355399,-2.99573227355399,-2.99573227355399,-2.99573227355399,-2.99573227355399,-2.99573227355399,-2.99573227355399,-2.99573227355399,-2.99573227355399,-2.99573227355399,-2.99573227355399,-2.99573227355399,-2.99573227355399,-2.99573227355399,-2.99573227355399,0.462765961945506,-2.99573227355399,0.462765961945506,-2.99573227355399,-2.99573227355399,-2.99573227355399,-2.99573227355399
"1B_75",-2.99573227355399,-2.99573227355399,-2.99573227355399,-2.99573227355399,-2.99573227355399,-2.99573227355399,-2.99573227355399,-2.99573227355399,-2.99573227355399,-2.99573227355399,-2.99573227355399,-2.99573227355399,-2.99573227355399,-2.99573227355399,-2.99573227355399,-2.99573227355399,-2.99573227355399,-2.99573227355399,-2.99573227355399,-2.99573227355399,0.238632728356669,-2.99573227355399,-2.99573227355399,-2.99573227355399,-2.99573227355399
"1B_92",-2.99573227355399,-2.99573227355399,-2.99573227355399,-2.99573227355399,-2.99573227355399,-2.99573227355399,-2.99573227355399,-2.99573227355399,-2.99573227355399,-2.99573227355399,-2.99573227355399,-2.99573227355399,-2.99573227355399,-2.99573227355399,-2.99573227355399,-2.99573227355399,0.391076370656066,-2.99573227355399,-2.99573227355399,-2.99573227355399,-2.99573227355399,-2.99573227355399,-2.99573227355399,-2.99573227355399,-2.99573227355399
"1B_96",-2.99573227355399,-2.99573227355399,-2.99573227355399,-2.99573227355399,-2.99573227355399,-2.99573227355399,-2.99573227355399,-2.99573227355399,-2.99573227355399,-2.99573227355399,-2.99573227355399,-2.99573227355399,-2.99573227355399,-2.99573227355399,-2.99573227355399,-2.99573227355399,0.433428666736814,-2.99573227355399,-2.99573227355399,-2.99573227355399,-2.99573227355399,-2.99573227355399,-2.99573227355399,-2.99573227355399,-2.99573227355399
"1B_102",-2.99573227355399,-2.99573227355399,-2.99573227355399,-2.99573227355399,-2.99573227355399,-2.99573227355399,-2.99573227355399,-2.99573227355399,-2.99573227355399,-2.99573227355399,-2.99573227355399,-2.99573227355399,-2.99573227355399,-2.99573227355399,-2.99573227355399,-2.99573227355399,-2.99573227355399,-2.99573227355399,-2.99573227355399,-2.99573227355399,-2.99573227355399,0.311732630445457,-2.99573227355399,-2.99573227355399,-2.99573227355399
"1B_105",-2.99573227355399,-2.99573227355399,-2.99573227355399,-2.99573227355399,-2.99573227355399,-2.99573227355399,-2.99573227355399,-2.99573227355399,-2.99573227355399,-2.99573227355399,-2.99573227355399,-2.99573227355399,-2.99573227355399,-2.99573227355399,-2.99573227355399,-2.99573227355399,-2.99573227355399,-2.99573227355399,-2.99573227355399,-2.99573227355399,-2.99573227355399,2.06599368002166,-2.99573227355399,-2.99573227355399,-2.99573227355399
"1B_106",-2.99573227355399,-2.99573227355399,-2.99573227355399,-2.99573227355399,-2.99573227355399,-2.99573227355399,-2.99573227355399,-2.99573227355399,-2.99573227355399,-2.99573227355399,-2.99573227355399,-2.99573227355399,-2.99573227355399,-2.99573227355399,-2.99573227355399,-2.99573227355399,-2.99573227355399,-2.99573227355399,-2.99573227355399,-2.99573227355399,-2.99573227355399,0.986405780502293,-2.99573227355399,-2.99573227355399,-2.99573227355399
"1B_108",-2.99573227355399,-2.99573227355399,-2.99573227355399,-2.99573227355399,-2.99573227355399,-2.99573227355399,-2.99573227355399,-2.99573227355399,-2.99573227355399,-2.99573227355399,-2.99573227355399,-2.99573227355399,-2.99573227355399,-2.99573227355399,-2.99573227355399,-2.99573227355399,-2.99573227355399,-2.99573227355399,-2.99573227355399,-2.99573227355399,-2.99573227355399,-0.154957456797198,-2.99573227355399,-2.99573227355399,-2.99573227355399
