"","Cad0882","Cad1012","Cad0580","Cad1300","Cad1317","Cad0996","Cad0117","Cad0310","Cad0608","Cad0292","Cad1524","Cad2044","Cad1819","Cad2073","Cad1044","Cad2072","Cad1033","wt"
"11",0,0,0,0,0,0,0,0,0,0,0,0,0,0,0,0.848484848484849,0,0
"18",0,0,0,0,0,0,0,0,0,0,0,0,0,0,0,0.818181818181818,0,0
"42",0,0,0,0,0,0,0,0,0,0,0,0,0,0,0,0,0,0
"49",0,0,0,0,0,0,0,0,0,0,0,0,0,0,0,0,0,0
"52",0,0,0,0,0,0,0,0,0,0,0,0,0,0,0,0,0,0
"58",0,0,0,0,0.075,0,0,0,0,0,0,0,0,0.45,0,0,0,0
"59",0.005,0.005,0.0075,0.0325,0,0,0.005,0.0025,0.0375,0.015,0.025,0,0.055,0.0175,0,0,0,0
"60",0,0,0,0,0,0,0,0.111111111111111,0,0.111111111111111,0.111111111111111,0,0.111111111111111,0,0,0,0,0
"62",0,0,0,0,0,0,0.0833333333333333,0,0.0833333333333333,0,0,0,0,0,0,0,0,0
"66",0,0,0,0,0,0,0,0,0,0,0,0,0,0,0.125,0,0,0
"71",0,0,0,0,0,0,0,0,0,0,0,0,0,0,0.923076923076923,0,0,0
"74",0,0,0,0,0,0,0,0,0,0,0,0,0,0,0.0204081632653061,0,0.0204081632653061,0
"77",0,0,0,0,0,0,0,0,0,0,0,0,0,0,0,0,0.476190476190476,0
"81",0,0,0,0,0,0,0,0,0,0,0,0,0,0,0,0,0.388888888888889,0
"88",0,0,0,0,0,0,0,0,0,0,0,0.153846153846154,0,0,0,0,0.461538461538462,0
"93",0,0,0,0,0,0.0833333333333333,0,0,0,0,0,0,0,0,0,0,0.729166666666667,0
