"","Cad1459","Cad1706","Cad0215","Cad1250","Cad1468","Cad1602","Cad0620","Cad1819","Cad1929","Cad0844","Cad1008","Cad0881","Cad1201","wt"
"3A_5",-2.99573227355399,-2.99573227355399,-2.99573227355399,-2.99573227355399,-2.99573227355399,-2.99573227355399,-2.99573227355399,-2.99573227355399,-2.99573227355399,-2.99573227355399,-2.99573227355399,-2.99573227355399,-0.241696959209957,-2.99573227355399
"3A_9",-2.99573227355399,-2.99573227355399,-2.99573227355399,-2.99573227355399,-2.99573227355399,-2.99573227355399,-2.99573227355399,-2.99573227355399,-2.99573227355399,-2.99573227355399,-2.99573227355399,-2.99573227355399,0.30415786956882,-2.99573227355399
"3A_10",-2.99573227355399,-2.99573227355399,-2.99573227355399,-2.99573227355399,-2.99573227355399,-2.99573227355399,-2.99573227355399,-2.99573227355399,-2.99573227355399,-2.99573227355399,-2.99573227355399,-2.99573227355399,0.508565005977822,-2.99573227355399
"3A_11",-2.99573227355399,-2.99573227355399,-2.99573227355399,-2.99573227355399,-2.99573227355399,-2.99573227355399,-2.99573227355399,-2.99573227355399,-2.99573227355399,-2.99573227355399,-2.99573227355399,-2.99573227355399,0.837198608034158,-2.99573227355399
"3A_14",-2.99573227355399,-2.99573227355399,-2.99573227355399,-2.99573227355399,-2.99573227355399,-2.99573227355399,-2.99573227355399,-2.99573227355399,-2.99573227355399,-2.99573227355399,-2.99573227355399,-2.99573227355399,-0.745222991336428,-2.99573227355399
"3A_17",-2.99573227355399,-2.99573227355399,-2.99573227355399,-2.99573227355399,-2.99573227355399,-2.99573227355399,-2.99573227355399,-2.99573227355399,-2.99573227355399,-2.99573227355399,-2.99573227355399,-2.99573227355399,-0.48097266061631,-2.99573227355399
"3A_18",-2.99573227355399,-2.99573227355399,-2.99573227355399,-2.99573227355399,-2.99573227355399,-2.99573227355399,-2.99573227355399,-2.99573227355399,-2.99573227355399,-2.99573227355399,-2.99573227355399,-2.99573227355399,-0.220796683304395,-2.99573227355399
"3A_20",-2.99573227355399,-2.99573227355399,-2.99573227355399,-2.99573227355399,-2.99573227355399,-2.99573227355399,-2.99573227355399,-2.99573227355399,-2.99573227355399,-2.99573227355399,-2.99573227355399,-2.99573227355399,0.577512808896858,-2.99573227355399
"3A_24",-2.99573227355399,-2.99573227355399,-2.99573227355399,-2.99573227355399,-2.99573227355399,-2.99573227355399,-2.99573227355399,-2.99573227355399,-2.99573227355399,-2.99573227355399,-2.99573227355399,-2.99573227355399,-1.39740117898688,-2.99573227355399
"3A_33",-2.99573227355399,-2.99573227355399,-2.99573227355399,-2.99573227355399,-2.99573227355399,-2.99573227355399,-2.99573227355399,-2.99573227355399,-2.99573227355399,-0.2951170509393,-2.99573227355399,-2.99573227355399,0.580040692787463,-2.99573227355399
"3A_34",-2.99573227355399,-2.99573227355399,-2.99573227355399,-2.99573227355399,-2.99573227355399,-2.99573227355399,-2.99573227355399,-2.99573227355399,-2.99573227355399,-0.995634801862704,-2.99573227355399,-2.99573227355399,-0.995634801862704,-2.99573227355399
"3A_39",-2.99573227355399,-2.99573227355399,-2.99573227355399,-2.99573227355399,-2.99573227355399,-2.99573227355399,-2.99573227355399,-2.99573227355399,-0.541431072842069,-2.99573227355399,-2.99573227355399,-2.99573227355399,0.107804335606485,-2.99573227355399
"3A_40",-2.99573227355399,-2.99573227355399,-2.99573227355399,-2.99573227355399,-2.99573227355399,-2.99573227355399,-2.99573227355399,-2.99573227355399,-2.99573227355399,-2.99573227355399,-2.99573227355399,-2.99573227355399,0.741546948472222,-2.99573227355399
"3A_41",-2.99573227355399,-2.99573227355399,-2.99573227355399,-2.99573227355399,-2.99573227355399,-2.99573227355399,-2.99573227355399,-2.99573227355399,-2.99573227355399,-2.99573227355399,-2.99573227355399,-2.99573227355399,-0.601239136039847,-2.99573227355399
"3A_42",-2.99573227355399,-2.99573227355399,-2.99573227355399,-2.99573227355399,-2.99573227355399,-2.99573227355399,-2.99573227355399,-2.99573227355399,-2.99573227355399,-2.99573227355399,-2.99573227355399,-2.99573227355399,0.545793645666231,-2.99573227355399
"3A_43",-2.99573227355399,-2.99573227355399,-2.99573227355399,-2.99573227355399,-2.99573227355399,-2.99573227355399,-2.99573227355399,-2.99573227355399,-2.99573227355399,-2.99573227355399,-2.99573227355399,-2.99573227355399,0.299142128468438,-2.99573227355399
"3A_45",-2.99573227355399,-2.99573227355399,-2.99573227355399,-2.99573227355399,-2.99573227355399,-2.99573227355399,-2.99573227355399,-2.99573227355399,-2.99573227355399,-2.99573227355399,-2.99573227355399,-2.99573227355399,0.0877055804191087,-2.99573227355399
"3A_46",-2.99573227355399,-2.99573227355399,-2.99573227355399,-2.99573227355399,-2.99573227355399,-2.99573227355399,-2.99573227355399,-2.99573227355399,-2.99573227355399,-2.99573227355399,-2.99573227355399,-2.99573227355399,-0.424296907716428,-2.99573227355399
"3A_47",-2.99573227355399,-2.99573227355399,-2.99573227355399,-2.99573227355399,-2.99573227355399,-2.99573227355399,-2.99573227355399,-2.99573227355399,-2.99573227355399,-2.99573227355399,-2.99573227355399,-2.99573227355399,0.262364264467491,-2.99573227355399
"3A_48",-2.99573227355399,-2.99573227355399,-2.99573227355399,-2.99573227355399,-2.99573227355399,-2.99573227355399,-2.99573227355399,-2.99573227355399,-2.99573227355399,-2.99573227355399,-2.99573227355399,-2.99573227355399,-1.23255784572183,-2.99573227355399
"3A_50",-2.99573227355399,-2.99573227355399,-2.99573227355399,-2.99573227355399,-2.99573227355399,-2.99573227355399,-2.99573227355399,-2.99573227355399,-2.99573227355399,-2.99573227355399,-2.99573227355399,-2.99573227355399,-0.302130166664814,-2.99573227355399
"3A_51",-2.99573227355399,-2.99573227355399,-2.99573227355399,-2.99573227355399,-2.99573227355399,-2.99573227355399,-2.99573227355399,-2.99573227355399,-2.99573227355399,-2.99573227355399,-2.99573227355399,-2.99573227355399,-2.07929151542496,-2.99573227355399
"3A_53",-2.99573227355399,-2.99573227355399,-2.99573227355399,-2.99573227355399,-2.99573227355399,-2.99573227355399,-2.15728777921268,-2.49109576619944,-2.99573227355399,-2.99573227355399,-2.99573227355399,-2.99573227355399,-0.97235416442921,-2.99573227355399
"3A_54",-2.99573227355399,-2.99573227355399,-2.86082978203165,-2.86082978203165,-2.86082978203165,-2.86082978203165,-2.99573227355399,-2.6357698450384,-2.99573227355399,-2.99573227355399,-2.86082978203165,-2.99573227355399,-1.71489471618598,-2.99573227355399
"3A_55",-2.89667084326617,-2.99573227355399,-2.89667084326617,-2.89667084326617,-2.89667084326617,-2.57658083615149,-2.99573227355399,-2.2323711269495,-2.99573227355399,-2.99573227355399,-2.89667084326617,-2.99573227355399,-2.38973848114599,-2.99573227355399
"3A_57",-2.99573227355399,-2.82435930250356,-2.99573227355399,-2.99573227355399,-2.99573227355399,-2.99573227355399,-2.99573227355399,-2.99573227355399,-2.99573227355399,-2.99573227355399,-2.55053371532016,-1.10745112417953,-2.99573227355399,-2.99573227355399
"3A_58",-2.99573227355399,-2.99573227355399,-2.99573227355399,-2.99573227355399,-2.99573227355399,-2.99573227355399,-2.99573227355399,-2.99573227355399,-2.99573227355399,-2.99573227355399,-2.99573227355399,-2.75118214089456,-2.99573227355399,-2.99573227355399
"3A_115",-2.99573227355399,-2.99573227355399,-2.99573227355399,-2.99573227355399,-2.99573227355399,-2.99573227355399,-2.99573227355399,-2.99573227355399,-2.99573227355399,-2.99573227355399,-1.30655735477853,-2.99573227355399,-2.99573227355399,-2.99573227355399
"3A_116",-2.99573227355399,-2.99573227355399,-2.99573227355399,-2.99573227355399,-2.99573227355399,-2.99573227355399,-2.99573227355399,-2.99573227355399,-2.99573227355399,-2.99573227355399,-0.32692068285694,-2.99573227355399,-2.99573227355399,-2.99573227355399
"3A_120",-2.99573227355399,-2.99573227355399,-2.99573227355399,-2.99573227355399,-2.99573227355399,-2.99573227355399,-2.99573227355399,-2.99573227355399,-2.99573227355399,-2.99573227355399,-1.03467031947807,-2.99573227355399,-2.99573227355399,-2.99573227355399
"3A_163",-2.99573227355399,-2.99573227355399,-2.99573227355399,-2.99573227355399,-2.99573227355399,-2.99573227355399,-2.99573227355399,-2.99573227355399,-2.99573227355399,-2.99573227355399,-2.99573227355399,0.19292406575322,-2.99573227355399,-2.99573227355399
