"","Cad0193","Cad0343","Cad1018","Cad0667","Cad1186","Cad1975","Cad1997","Cad1585","Cad0246","Cad1640","Cad1013","Cad0610","Cad0773","Cad0205","Cad1050","Cad1516","Cad1528","Cad0330","wt"
"0",0,0,0,0,0,0,0,0,0,0,0,0,0,0,0,0,0,0,0
"2",0,0,0,0,0,0,0,0,0,0,0,0,0,0,0,0,0,0,0
"3",0,0,0,0,0,0,0,0,0,0,0,0,0,0,0,0,0,0,0
"5",0,0,0,0,0,0,0,0,0,0,0,0,0,0,0,0,0,0,0
"9",0,0,0,0,0,0,0,0,0,0,0,0,0,0,0,0,0,0,0
"15",0,0,0,0,0,0,0,0,0,0,0,0,0,0,0,0,0,0,0
"16",0,0,0,0,0,0,0,0,0,0,0,0,0,0,0,0,0,0,0
"17",0,0,0,0,0,0,0,0,0,0,0,0,0,0,0,0,0,0,0
"18",0,0,0,0,0,0,0,0,0,0,0,0,0,0,0,0,0,0,0
"19",0,0,0,0,0,0,0,0,0,0,0,0,0,0,0,0,0,0,0
"23",0,0,0,0,0,0,0,0,0,0,0,0,0,0,0,0,0,0,0
"24",0,0,0,0,0,0,0,0,0,0,0,0,0,0,0,0,0,0,0
"26",0,0,0,0,0,0,0,0,0,0,0,0,0,0,0,0,0,0,0
"30",0,0,0,0,0,0,0,0,0,0,0,0,0,0,0,0,0,0,0
"32",0,0,0,0,0,0,0,0,0,0,0,0,0,0,0,0,0,0,0
"35",0,0,0,0,0,0,0,0,0,0,0,0,0,0,0,0,0,0,0
"36",0,0,0,0,0,0,0,0,0,0,0,0,0,0,0,0,0,0,0
"38",0,0,0,0,0,0,0,0,0,0,0,0,0,0,0,0,0,0,0
"39",0,0,0,0,0,0,0,0,0,0,0,0,0,0,0,0,0,0,0
"44",0,0,0,0,0,0,0,0,0,0,0,0,0,0,0,0,0,0,0
"48",0,0,0,0,0,0,0,0,0,0,0,0,0,0,0,0,0,0,0
"50",0,0,0,0,0,0,0,0,0,0,0,0,0,0,0,0,0,0,0
"52",0,0,0,0,0,0,0,0,0,0,0,0,0,0,0,0,0,0,0
"53",0,0,0,0,0,0,0,0,0,0,0,0,0,0,0,0,0,0,0
"54",0,0,0,0,0,0,0,0,0,0,0,0,0,0,0,0,0,0,0
"56",0,0,0,0,0,0,0,0,0,0,0,0,0,0,0,0,0,0,0
"58",0,0,0,0,0,0,0,0,0,0,0,0,0,0.253521126760563,0,0,0,0,0
"59",0,0,0,0,0,0,0,0,0,0,0,0,0,0,0,0,0,0,0
"61",0.0125786163522013,0.0125786163522013,0.0125786163522013,0.0251572327044025,0.0377358490566038,0.0377358490566038,0,0.0440251572327044,0.050314465408805,0.0440251572327044,0.0754716981132075,0,0,0,0,0,0,0,0
"62",0,0,0,0,0,0,0.0434782608695652,0,0,0.0072463768115942,0,0,0,0,0.181159420289855,0,0,0,0
"63",0,0,0,0,0,0,0,0,0,0,0,0.0769230769230769,0.0769230769230769,0,0.307692307692308,0,0,0,0
"64",0,0,0,0,0,0,0,0,0,0,0,0,0,0,0.0714285714285714,0,0,0,0
"65",0,0,0,0,0,0,0,0,0,0,0,0,0,0,0,0,0,0,0
"66",0,0,0,0,0,0,0,0,0,0,0,0,0,0,0,0,0,0,0
"72",0,0,0,0,0,0,0,0,0,0,0,0,0,0,0,0,0,0,0
"74",0,0,0,0,0,0,0,0,0,0,0,0,0,0,0,0,0,0,0
"75",0,0,0,0,0,0,0,0,0,0,0,0,0,0,0,0,0,0,0
"76",0,0,0,0,0,0,0,0,0,0,0,0,0,0,0,0,0,0,0
"77",0,0,0,0,0,0,0,0,0,0,0,0,0,0,0,0,0,0.571428571428571,0
"78",0,0,0,0,0,0,0,0,0,0,0,0,0,0,0,0,0,0.714285714285714,0
"80",0,0,0,0,0,0,0,0,0,0,0,0,0,0,0,0,0,0.75,0
"81",0,0,0,0,0,0,0,0,0,0,0,0,0,0,0,0,0,0,0
"83",0,0,0,0,0,0,0,0,0,0,0,0,0,0,0,0,0,0.5,0
"84",0,0,0,0,0,0,0,0,0,0,0,0,0,0,0,0,0,0.2,0
"93",0,0,0,0,0,0,0,0,0,0,0,0,0,0,0,0,0,0,0
"96",0,0,0,0,0,0,0,0,0,0,0,0,0,0,0,0,0,1,0
"100",0,0,0,0,0,0,0,0,0,0,0,0,0,0,0,0,0,0.5,0
"101",0,0,0,0,0,0,0,0,0,0,0,0,0,0,0,0,0,1,0
"103",0,0,0,0,0,0,0,0,0,0,0,0,0,0,0,0,0,0.5,0
"105",0,0,0,0,0,0,0,0,0,0,0,0,0,0,0,0,0,0,0
"106",0,0,0,0,0,0,0,0,0,0,0,0,0,0,0,0,0,0,0
"107",0,0,0,0,0,0,0,0,0,0,0,0,0,0,0,0,0,0,0
"108",0,0,0,0,0,0,0,0,0,0,0,0,0,0,0,0,0,0,0
"110",0,0,0,0,0,0,0,0,0,0,0,0,0,0,0,0,0,0,0
"111",0,0,0,0,0,0,0,0,0,0,0,0,0,0,0,0,0,0,0
"112",0,0,0,0,0,0,0,0,0,0,0,0,0,0,0,0,0,0,0
"113",0,0,0,0,0,0,0,0,0,0,0,0,0,0,0,0,0,0,0
"116",0,0,0,0,0,0,0,0,0,0,0,0,0,0,0,0,0,0,0
"117",0,0,0,0,0,0,0,0,0,0,0,0,0,0,0,0,0,0,0
"120",0,0,0,0,0,0,0,0,0,0,0,0,0,0,0,0,0,0,0
"123",0,0,0,0,0,0,0,0,0,0,0,0,0,0,0,0,0,0,0
"125",0,0,0,0,0,0,0,0,0,0,0,0,0,0,0,0,0,0,0
"126",0,0,0,0,0,0,0,0,0,0,0,0,0,0,0,0,0,0,0
"129",0,0,0,0,0,0,0,0,0,0,0,0,0,0,0,0,0,0,0
"131",0,0,0,0,0,0,0,0,0,0,0,0,0,0,0,0,0,0,0
"132",0,0,0,0,0,0,0,0,0,0,0,0,0,0,0,0,0,0,0
"133",0,0,0,0,0,0,0,0,0,0,0,0,0,0,0,0,0,0,0
"134",0,0,0,0,0,0,0,0,0,0,0,0,0,0,0,0,0,0,0
"136",0,0,0,0,0,0,0,0,0,0,0,0,0,0,0,0,0,0,0
"138",0,0,0,0,0,0,0,0,0,0,0,0,0,0,0,0,0,0,0
"140",0,0,0,0,0,0,0,0,0,0,0,0,0,0,0,0,0,0,0
"143",0,0,0,0,0,0,0,0,0,0,0,0,0,0,0,0,0,0,0
"146",0,0,0,0,0,0,0,0,0,0,0,0,0,0,0,0,0,0,0
"148",0,0,0,0,0,0,0,0,0,0,0,0,0,0,0,0.333333333333333,0.333333333333333,0,0
"150",0,0,0,0,0,0,0,0,0,0,0,0,0,0,0,1,1,0,0
"152",0,0,0,0,0,0,0,0,0,0,0,0,0,0,0,1,1,0,0
