"","Cad1467","Cad0075","Cad1342","Cad1839","Cad0330","Cad1050","Cad1623","Cad1210","wt"
"0",0,0,0,0,0,0,1,0,0
"9",0,0,0,0,0,0,0.75,0,0
"11",0,0,0,0,0,0,0.833333333333333,0,0
"14",0,0,0,0,0,0,0.666666666666667,0,0
"25",0,0,0,0,0,0,0,0,0
"27",0,0,0,0,0,0,0,0,0
"28",0,0,0,0,0,0,0,0,0
"30",0,0,0,0.0540540540540541,0,0,0,0,0
"31",0.005,0.02,0,0.025,0,0,0,0,0
"32",0,0,0,0,0,0,0,0,0
"33",0,0,0,0,0,0,0,0,0
"34",0,0,0,0,0,0,0,0,0
"35",0,0,0,0,0,0,0,0,0
"36",0,0,0,0,0,0,0,0,0
"40",0,0,0,0,0,0,0,0,0
"44",0,0,0,0,0,0,0,0,0
"49",0,0,0,0,0,0.428571428571429,0,0,0
"52",0,0,0,0,0,0.166666666666667,0,0,0
"60",0,0,0,0,0,0,0,0,0
"65",0,0,0,0,0,0,0,0,0
"74",0,0,0,0,0,0,0,0,0
"79",0,0,0,0,0,0,0,0,0
"83",0,0,0,0,0,0,0,0,0
"90",0,0,0,0,0,0,0,0,0
"91",0,0,0,0,0,0,0,0,0
"92",0,0,0,0,0,0,0,0,0
"98",0,0,0.0625,0,0,0,0,0,0
"99",0,0,0,0,0,0,0,0,0
"102",0,0,0,0,0,0,0,0.7,0
"113",0,0,0,0,0,0,0,0.75,0
"118",0,0,0,0,0,0,0,0.857142857142857,0
"129",0,0,0,0,0,0,0,0.666666666666667,0
"132",0,0,0,0,0,0,0,1,0
"133",0,0,0,0,0,0,0,1,0
"137",0,0,0,0,0,0,0,0.571428571428571,0
"147",0,0,0,0,0,0,0,0,0
"155",0,0,0,0,0,0,0,0,0
"156",0,0,0,0,0,0,0,0,0
"157",0,0,0,0,0,0,0,0,0
"168",0,0,0,0,0,0,0,0,0
"170",0,0,0,0,0.0833333333333333,0,0,0,0
"171",0,0,0,0,0,0,0,0,0
