"","Cad1725","Cad0803","Cad1494","Cad0423","Cad1135","Cad0827","Cad0354","Cad1571","Cad1524","wt"
"5A_0",-2.76211742237249,-2.99573227355399,-2.99573227355399,-2.99573227355399,-2.99573227355399,-2.99573227355399,-2.99573227355399,-2.99573227355399,-2.99573227355399,-2.99573227355399
"5A_6",-2.99573227355399,-2.99573227355399,-2.99573227355399,-2.99573227355399,-0.0856797488777298,-2.99573227355399,-2.99573227355399,-2.99573227355399,-2.99573227355399,-2.99573227355399
"5A_7",-2.99573227355399,-2.99573227355399,-2.99573227355399,-2.99573227355399,-2.08952167446723,-2.99573227355399,-2.99573227355399,-2.99573227355399,-2.99573227355399,-2.99573227355399
"5A_13",-2.99573227355399,-2.99573227355399,-2.99573227355399,-1.08844905596189,-2.99573227355399,-2.99573227355399,-2.99573227355399,-2.99573227355399,-2.99573227355399,-2.99573227355399
"5A_48",-2.99573227355399,-1.82489417910396,-2.99573227355399,-2.99573227355399,-2.99573227355399,-2.99573227355399,-2.99573227355399,-2.99573227355399,0.604182233129133,-2.99573227355399
"5A_49",-2.99573227355399,-2.99573227355399,-2.99573227355399,-2.99573227355399,-2.99573227355399,-2.99573227355399,-2.99573227355399,-2.99573227355399,-0.889135713677589,-2.99573227355399
"5A_50",-2.99573227355399,-2.99573227355399,-2.99573227355399,-2.99573227355399,-2.99573227355399,-2.99573227355399,-2.99573227355399,-2.99573227355399,0.717839793150317,-2.99573227355399
"5A_51",-2.99573227355399,-2.99573227355399,-2.99573227355399,-2.99573227355399,-2.99573227355399,-2.99573227355399,-2.99573227355399,-2.99573227355399,-0.637771322098685,-2.99573227355399
"5A_53",-2.99573227355399,-2.99573227355399,-2.99573227355399,-2.99573227355399,-2.99573227355399,-2.99573227355399,-2.99573227355399,-2.99573227355399,1.26470946468375,-2.99573227355399
"5A_54",-2.99573227355399,-2.99573227355399,-2.99573227355399,-2.99573227355399,-2.99573227355399,-2.99573227355399,-2.99573227355399,-2.99573227355399,1.25227023628535,-2.99573227355399
"5A_56",-2.99573227355399,-2.99573227355399,-2.99573227355399,-2.99573227355399,-2.99573227355399,-2.99573227355399,-2.99573227355399,-2.99573227355399,0.29291031681631,-2.99573227355399
"5A_57",-2.99573227355399,-2.99573227355399,-2.99573227355399,-2.99573227355399,-2.99573227355399,-2.99573227355399,-2.99573227355399,-2.99573227355399,0.0286078444195745,-2.99573227355399
"5A_58",-2.99573227355399,-2.99573227355399,-2.02723363299974,-2.99573227355399,-2.99573227355399,0.305416048684327,-2.99573227355399,-2.99573227355399,0.613771461728863,-2.99573227355399
"5A_60",-2.99573227355399,-2.99573227355399,-1.90505653448162,-2.99573227355399,-2.99573227355399,-2.99573227355399,-2.99573227355399,-2.99573227355399,0.0374328586724506,-2.99573227355399
"5A_74",-2.99573227355399,-2.99573227355399,-2.99573227355399,-2.99573227355399,-2.99573227355399,-2.99573227355399,-2.99573227355399,-0.366600010986091,-2.99573227355399,-2.99573227355399
"5A_78",-2.99573227355399,-2.99573227355399,-2.99573227355399,-2.99573227355399,-2.99573227355399,-2.99573227355399,-2.99573227355399,0.717839793150317,-2.99573227355399,-2.99573227355399
"5A_79",-2.99573227355399,-2.99573227355399,-2.99573227355399,-2.99573227355399,-2.99573227355399,-2.99573227355399,-2.99573227355399,0.590220348264416,-2.99573227355399,-2.99573227355399
"5A_102",-2.99573227355399,-2.99573227355399,-2.99573227355399,-2.99573227355399,-2.99573227355399,-2.99573227355399,0.842742043851342,-2.99573227355399,-2.99573227355399,-2.99573227355399
"5A_104",-2.99573227355399,-2.99573227355399,-2.99573227355399,-2.99573227355399,-2.99573227355399,-2.99573227355399,-1.73032691164344,-2.99573227355399,-2.99573227355399,-2.99573227355399
