"","Cad0968","Cad1045","Cad1118","Cad1462","Cad1586","Cad2093","Cad1803","Cad1494","Cad0620","Cad1580","Cad0100","Cad1782","Cad0750","Cad1129","Cad0542","Cad1007","Cad1024","Cad1069","Cad1538","Cad1002","Cad1052","Cad0911","Cad0630","Cad1487","Cad1552","Cad1272","wt"
"6B_9",-2.99573227355399,-2.99573227355399,-2.99573227355399,-2.99573227355399,-2.99573227355399,-2.99573227355399,-2.99573227355399,-2.99573227355399,-2.99573227355399,-2.99573227355399,-2.99573227355399,-2.99573227355399,-2.99573227355399,-2.99573227355399,-2.99573227355399,-2.99573227355399,-2.99573227355399,-2.99573227355399,-2.99573227355399,-2.99573227355399,-2.99573227355399,-2.99573227355399,-2.99573227355399,-0.36957834877464,-2.99573227355399,-2.99573227355399,-2.99573227355399
"6B_43",-2.99573227355399,-2.99573227355399,-2.99573227355399,-2.99573227355399,-2.99573227355399,-2.99573227355399,-2.99573227355399,-2.99573227355399,-2.99573227355399,-2.99573227355399,-2.64131423435675,-2.64131423435675,-2.99573227355399,-2.99573227355399,-2.99573227355399,-2.99573227355399,-2.99573227355399,-2.99573227355399,-2.99573227355399,-2.99573227355399,-2.99573227355399,-2.99573227355399,-2.99573227355399,-2.99573227355399,-2.99573227355399,-2.99573227355399,-2.99573227355399
"6B_47",-2.99573227355399,-2.99573227355399,-2.99573227355399,-2.99573227355399,-2.99573227355399,-2.99573227355399,-2.99573227355399,-2.99573227355399,-2.99573227355399,-2.71523965508791,-2.99573227355399,-2.99573227355399,-2.99573227355399,-2.99573227355399,-2.49643471805796,-2.71523965508791,-2.99573227355399,-2.71523965508791,-2.71523965508791,-2.99573227355399,-1.81202164843521,-2.99573227355399,-2.71523965508791,-2.99573227355399,-2.99573227355399,-2.99573227355399,-2.99573227355399
"6B_48",-2.92695539017192,-2.92695539017192,-2.92695539017192,-2.92695539017192,-2.92695539017192,-2.92695539017192,-2.86260589690198,-2.80214809405893,-2.74513798711675,-2.99573227355399,-2.99573227355399,-2.99573227355399,-2.54492583390143,-2.50056381071663,-2.99573227355399,-2.64002964367448,-2.37818932477854,-2.54492583390143,-2.92695539017192,-2.08138711611311,-2.86260589690198,-2.99573227355399,-2.69120348013832,-2.92695539017192,-2.99573227355399,-2.99573227355399,-2.99573227355399
"6B_49",-2.99573227355399,-2.99573227355399,-2.99573227355399,-2.99573227355399,-2.99573227355399,-2.99573227355399,-2.99573227355399,-2.99573227355399,-2.99573227355399,-2.99573227355399,-2.99573227355399,-2.99573227355399,-2.99573227355399,-2.99573227355399,-2.99573227355399,-2.99573227355399,-2.99573227355399,-2.99573227355399,-2.56670551956019,-2.99573227355399,-2.99573227355399,-2.99573227355399,-1.38265779900751,-2.99573227355399,-2.99573227355399,-2.99573227355399,-2.99573227355399
"6B_50",-2.99573227355399,-2.99573227355399,-2.99573227355399,-2.99573227355399,-2.99573227355399,-2.99573227355399,-2.99573227355399,-2.99573227355399,-2.99573227355399,-2.99573227355399,-2.99573227355399,-2.99573227355399,-2.99573227355399,-2.99573227355399,-2.99573227355399,-2.99573227355399,-2.99573227355399,-2.99573227355399,-2.67856025110288,-2.99573227355399,-2.99573227355399,-2.3366089200211,-1.87966871879538,-2.99573227355399,-1.61296657181789,-2.99573227355399,-2.99573227355399
"6B_51",-2.99573227355399,-2.99573227355399,-2.99573227355399,-2.99573227355399,-2.99573227355399,-2.99573227355399,-2.99573227355399,-2.99573227355399,-2.99573227355399,-2.99573227355399,-2.99573227355399,-2.99573227355399,-2.99573227355399,-2.99573227355399,-2.99573227355399,-2.99573227355399,-2.99573227355399,-2.99573227355399,-2.99573227355399,-2.99573227355399,-2.99573227355399,-2.99573227355399,-2.99573227355399,-2.99573227355399,-2.05995791545729,-2.99573227355399,-2.99573227355399
"6B_52",-2.99573227355399,-2.99573227355399,-2.99573227355399,-2.99573227355399,-2.99573227355399,-2.99573227355399,-2.99573227355399,-2.99573227355399,-2.99573227355399,-2.99573227355399,-2.99573227355399,-2.99573227355399,-2.99573227355399,-2.99573227355399,-2.99573227355399,-2.99573227355399,-2.99573227355399,-2.99573227355399,-2.99573227355399,-2.99573227355399,-2.99573227355399,-2.99573227355399,-1.94049413058698,-2.99573227355399,-0.85676828144671,-2.99573227355399,-2.99573227355399
"6B_55",-2.99573227355399,-2.99573227355399,-2.99573227355399,-2.99573227355399,-2.99573227355399,-2.99573227355399,-2.99573227355399,-2.99573227355399,-2.99573227355399,-2.99573227355399,-2.99573227355399,-2.99573227355399,-2.99573227355399,-2.99573227355399,-2.99573227355399,-2.99573227355399,-2.99573227355399,-2.99573227355399,-2.99573227355399,-2.99573227355399,-2.99573227355399,-2.99573227355399,-2.99573227355399,-2.99573227355399,0.114603382739003,-2.99573227355399,-2.99573227355399
"6B_56",-2.99573227355399,-2.99573227355399,-2.99573227355399,-2.99573227355399,-2.99573227355399,-2.99573227355399,-2.99573227355399,-2.99573227355399,-2.99573227355399,-2.99573227355399,-2.99573227355399,-2.99573227355399,-2.99573227355399,-2.99573227355399,-2.99573227355399,-2.99573227355399,-2.99573227355399,-2.99573227355399,-2.99573227355399,-2.99573227355399,-2.99573227355399,-2.99573227355399,-2.99573227355399,-2.99573227355399,-0.0110941772843993,-2.99573227355399,-2.99573227355399
"6B_58",-2.99573227355399,-2.99573227355399,-2.99573227355399,-2.99573227355399,-2.99573227355399,-2.99573227355399,-2.99573227355399,-2.99573227355399,-2.99573227355399,-2.99573227355399,-2.99573227355399,-2.99573227355399,-2.99573227355399,-2.99573227355399,-2.99573227355399,-2.99573227355399,-2.99573227355399,-2.99573227355399,-2.99573227355399,-2.99573227355399,-2.99573227355399,-2.99573227355399,-2.99573227355399,-2.99573227355399,-1.84705702881691,-2.99573227355399,-2.99573227355399
"6B_76",-2.99573227355399,-2.99573227355399,-2.99573227355399,-2.99573227355399,-2.99573227355399,-2.99573227355399,-2.99573227355399,-2.99573227355399,-2.99573227355399,-2.99573227355399,-2.99573227355399,-2.99573227355399,-2.99573227355399,-2.99573227355399,-2.99573227355399,-2.99573227355399,-2.99573227355399,-2.99573227355399,-2.99573227355399,-2.99573227355399,-2.99573227355399,-2.99573227355399,-2.99573227355399,-2.99573227355399,-2.99573227355399,-0.282064080147558,-2.99573227355399
"6B_80",-2.99573227355399,-2.99573227355399,-2.99573227355399,-2.99573227355399,-2.99573227355399,-2.99573227355399,-2.99573227355399,-2.99573227355399,-2.99573227355399,-2.99573227355399,-2.99573227355399,-2.99573227355399,-2.99573227355399,-2.99573227355399,-2.99573227355399,-2.99573227355399,-2.99573227355399,-2.99573227355399,-2.99573227355399,-2.99573227355399,-2.99573227355399,-2.99573227355399,-2.99573227355399,-2.99573227355399,-2.99573227355399,0.391076370656066,-2.99573227355399
"6B_81",-2.99573227355399,-2.99573227355399,-2.99573227355399,-2.99573227355399,-2.99573227355399,-2.99573227355399,-2.99573227355399,-2.99573227355399,-2.99573227355399,-2.99573227355399,-2.99573227355399,-2.99573227355399,-2.99573227355399,-2.99573227355399,-2.99573227355399,-2.99573227355399,-2.99573227355399,-2.99573227355399,-2.99573227355399,-2.99573227355399,-2.99573227355399,-2.99573227355399,-2.99573227355399,-2.99573227355399,-2.99573227355399,1.11023601296227,-2.99573227355399
"6B_84",-2.99573227355399,-2.99573227355399,-2.99573227355399,-2.99573227355399,-2.99573227355399,-2.99573227355399,-2.99573227355399,-2.99573227355399,-2.99573227355399,-2.99573227355399,-2.99573227355399,-2.99573227355399,-2.99573227355399,-2.99573227355399,-2.99573227355399,-2.99573227355399,-2.99573227355399,-2.99573227355399,-2.99573227355399,-2.99573227355399,-2.99573227355399,-2.99573227355399,-2.99573227355399,-2.99573227355399,-2.99573227355399,-0.692246685226696,-2.99573227355399
"6B_85",-2.99573227355399,-2.99573227355399,-2.99573227355399,-2.99573227355399,-2.99573227355399,-2.99573227355399,-2.99573227355399,-2.99573227355399,-2.99573227355399,-2.99573227355399,-2.99573227355399,-2.99573227355399,-2.99573227355399,-2.99573227355399,-2.99573227355399,-2.99573227355399,-2.99573227355399,-2.99573227355399,-2.99573227355399,-2.99573227355399,-2.99573227355399,-2.99573227355399,-2.99573227355399,-2.99573227355399,-2.99573227355399,-0.363611387935389,-2.99573227355399
"6B_86",-2.99573227355399,-2.99573227355399,-2.99573227355399,-2.99573227355399,-2.99573227355399,-2.99573227355399,-2.99573227355399,-2.99573227355399,-2.99573227355399,-2.99573227355399,-2.99573227355399,-2.99573227355399,-2.99573227355399,-2.99573227355399,-2.99573227355399,-2.99573227355399,-2.99573227355399,-2.99573227355399,-2.99573227355399,-2.99573227355399,-2.99573227355399,-2.99573227355399,-2.99573227355399,-2.99573227355399,-2.99573227355399,0.142316222180257,-2.99573227355399
"6B_91",-2.99573227355399,-2.99573227355399,-2.99573227355399,-2.99573227355399,-2.99573227355399,-2.99573227355399,-2.99573227355399,-2.99573227355399,-2.99573227355399,-2.99573227355399,-2.99573227355399,-2.99573227355399,-2.99573227355399,-2.99573227355399,-2.99573227355399,-2.99573227355399,-2.99573227355399,-2.99573227355399,-2.99573227355399,-2.99573227355399,-2.99573227355399,-2.99573227355399,-2.99573227355399,-2.99573227355399,-2.99573227355399,-0.213718410854626,-2.99573227355399
"6B_92",-2.99573227355399,-2.99573227355399,-2.99573227355399,-2.99573227355399,-2.99573227355399,-2.99573227355399,-2.99573227355399,-2.99573227355399,-2.99573227355399,-2.99573227355399,-2.99573227355399,-2.99573227355399,-2.99573227355399,-2.99573227355399,-2.99573227355399,-2.99573227355399,-2.99573227355399,-2.99573227355399,-2.99573227355399,-2.99573227355399,-2.99573227355399,-2.99573227355399,-2.99573227355399,-2.99573227355399,-2.99573227355399,-0.633427945858323,-2.99573227355399
"6B_94",-2.99573227355399,-2.99573227355399,-2.99573227355399,-2.99573227355399,-2.99573227355399,-2.99573227355399,-2.99573227355399,-2.99573227355399,-2.99573227355399,-2.99573227355399,-2.99573227355399,-2.99573227355399,-2.99573227355399,-2.99573227355399,-2.99573227355399,-2.99573227355399,-2.99573227355399,-2.99573227355399,-2.99573227355399,-2.99573227355399,-2.99573227355399,-2.99573227355399,-2.99573227355399,-2.99573227355399,-2.99573227355399,1.3695283806771,-2.99573227355399
"6B_96",-2.99573227355399,-2.99573227355399,-2.99573227355399,-2.99573227355399,-2.99573227355399,-2.99573227355399,-2.99573227355399,-2.99573227355399,-2.99573227355399,-2.99573227355399,-2.99573227355399,-2.99573227355399,-2.99573227355399,-2.99573227355399,-2.99573227355399,-2.99573227355399,-2.99573227355399,-2.99573227355399,-2.99573227355399,-2.99573227355399,-2.99573227355399,-2.99573227355399,-2.99573227355399,-2.99573227355399,-2.99573227355399,-0.0672560746502752,-2.99573227355399
"6B_98",-2.99573227355399,-2.99573227355399,-2.99573227355399,-2.99573227355399,-2.99573227355399,-2.99573227355399,-2.99573227355399,-2.99573227355399,-2.99573227355399,-2.99573227355399,-2.99573227355399,-2.99573227355399,-2.99573227355399,-2.99573227355399,-2.99573227355399,-2.99573227355399,-2.99573227355399,-2.99573227355399,-2.99573227355399,-2.99573227355399,-2.99573227355399,-1.10115789886754,-2.99573227355399,-2.99573227355399,-1.10115789886754,0.165466558369356,-2.99573227355399
