"","Cad1998","Cad1662","Cad0904","Cad1008","Cad2014","Cad1725","Cad2087","Cad0894","wt"
"7A_63",-2.99573227355399,-2.99573227355399,-2.99573227355399,-2.99573227355399,-2.5369967813871,-2.99573227355399,-2.99573227355399,-2.99573227355399,-2.99573227355399
"7A_64",-2.99573227355399,-2.99573227355399,-2.99573227355399,-2.99573227355399,-0.993560067125309,-2.99573227355399,-2.99573227355399,-2.99573227355399,-2.99573227355399
"7A_65",-2.99573227355399,-2.99573227355399,-2.13091571695781,-2.99573227355399,-0.771387389998577,-2.99573227355399,-2.99573227355399,-2.99573227355399,-2.99573227355399
"7A_66",-2.99573227355399,-2.64736429388578,-1.80419318953939,-2.99573227355399,-2.99573227355399,-2.99573227355399,-2.99573227355399,-2.99573227355399,-2.99573227355399
"7A_67",-2.71689284850938,-2.99573227355399,-2.16876229726151,-2.99573227355399,-2.99573227355399,-2.99573227355399,-2.99573227355399,-2.03715800117019,-2.99573227355399
"7A_68",-2.99573227355399,-2.99573227355399,-2.99573227355399,-2.99573227355399,-2.99573227355399,-2.99573227355399,-2.99573227355399,-0.367517515001599,-2.99573227355399
"7A_70",-2.99573227355399,-2.99573227355399,-2.99573227355399,-2.99573227355399,-2.99573227355399,-2.99573227355399,-2.99573227355399,-0.460835302087469,-2.99573227355399
"7A_71",-2.99573227355399,-2.99573227355399,-2.99573227355399,-2.99573227355399,-2.99573227355399,-2.99573227355399,-2.99573227355399,-1.57331616788824,-2.99573227355399
"7A_72",-2.99573227355399,-2.99573227355399,-2.99573227355399,-2.99573227355399,-2.99573227355399,-2.99573227355399,-0.97035795314443,-0.97035795314443,-2.99573227355399
"7A_73",-2.99573227355399,-2.99573227355399,-2.99573227355399,-2.99573227355399,-2.99573227355399,-2.99573227355399,-1.54459306566999,-1.54459306566999,-2.99573227355399
"7A_74",-2.99573227355399,-2.99573227355399,-2.99573227355399,-2.99573227355399,-2.99573227355399,-2.99573227355399,0.778250710397242,0.778250710397242,-2.99573227355399
"7A_76",-2.99573227355399,-2.99573227355399,-2.99573227355399,-2.99573227355399,-2.99573227355399,-2.99573227355399,-0.501608968661066,-0.501608968661066,-2.99573227355399
"7A_77",-2.99573227355399,-2.99573227355399,-2.99573227355399,-2.99573227355399,-2.99573227355399,-2.99573227355399,0.107804335606485,0.107804335606485,-2.99573227355399
"7A_78",-2.99573227355399,-2.99573227355399,-2.99573227355399,-2.99573227355399,-2.99573227355399,-2.99573227355399,-0.843439660098219,-0.843439660098219,-2.99573227355399
"7A_80",-2.99573227355399,-2.99573227355399,-2.99573227355399,-2.99573227355399,-2.99573227355399,-2.99573227355399,-0.606878653672571,0.0393159104497498,-2.99573227355399
"7A_81",-2.99573227355399,-2.99573227355399,-2.99573227355399,-2.99573227355399,-2.99573227355399,-2.99573227355399,0.181842514868625,0.181842514868625,-2.99573227355399
"7A_82",-2.99573227355399,-2.99573227355399,-2.99573227355399,-2.99573227355399,-2.99573227355399,-2.99573227355399,0.290842309689159,0.290842309689159,-2.99573227355399
"7A_83",-2.99573227355399,-2.99573227355399,-2.99573227355399,-2.99573227355399,-2.99573227355399,-2.99573227355399,1.06717076283329,1.19854996400448,-2.99573227355399
"7A_84",-2.99573227355399,-2.99573227355399,-2.99573227355399,-2.99573227355399,-2.99573227355399,-2.99573227355399,-0.215746570508838,-0.35961044237733,-2.99573227355399
"7A_85",-2.99573227355399,-2.99573227355399,-2.99573227355399,-2.99573227355399,-2.99573227355399,-2.99573227355399,-0.898591154774755,-0.898591154774755,-2.99573227355399
"7A_86",-2.99573227355399,-2.99573227355399,-2.99573227355399,-0.863349168375988,-2.99573227355399,-2.99573227355399,-0.231308766397868,-0.231308766397868,-2.99573227355399
"7A_87",-2.99573227355399,-2.99573227355399,-2.99573227355399,-2.99573227355399,-2.99573227355399,-2.99573227355399,0.540384426007537,0.540384426007537,-2.99573227355399
"7A_88",-2.99573227355399,-2.99573227355399,-2.99573227355399,-2.99573227355399,-2.99573227355399,-2.99573227355399,-0.0503454270180043,0.337437022031311,-2.99573227355399
"7A_91",-2.99573227355399,-2.99573227355399,-2.99573227355399,-2.99573227355399,-2.99573227355399,-2.99573227355399,0.204140604188591,0.204140604188591,-2.99573227355399
"7A_93",-2.99573227355399,-2.99573227355399,-2.99573227355399,-2.99573227355399,-2.99573227355399,-2.99573227355399,0.67959421415524,0.67959421415524,-2.99573227355399
"7A_95",-2.99573227355399,-2.99573227355399,-2.99573227355399,-2.99573227355399,-2.99573227355399,-2.99573227355399,0.590220348264416,0.590220348264416,-2.99573227355399
"7A_96",-2.99573227355399,-2.99573227355399,-2.99573227355399,-2.99573227355399,-2.99573227355399,-2.99573227355399,0.757685701697515,0.757685701697515,-2.99573227355399
"7A_97",-2.99573227355399,-2.99573227355399,-2.99573227355399,-2.99573227355399,-2.99573227355399,-2.99573227355399,-0.80646793725616,-0.80646793725616,-2.99573227355399
"7A_99",-2.99573227355399,-2.99573227355399,-2.99573227355399,-2.99573227355399,-2.99573227355399,-2.99573227355399,1.06717076283329,1.06717076283329,-2.99573227355399
"7A_103",-2.99573227355399,-2.99573227355399,-2.99573227355399,-2.99573227355399,-2.99573227355399,-2.99573227355399,-0.2951170509393,-0.923259401190249,-2.99573227355399
"7A_104",-2.99573227355399,-2.99573227355399,-2.99573227355399,-2.99573227355399,-2.99573227355399,-2.99573227355399,0.0680400367316834,0.0680400367316834,-2.99573227355399
"7A_105",-2.99573227355399,-2.99573227355399,-2.99573227355399,-2.99573227355399,-2.99573227355399,-2.99573227355399,-2.99573227355399,0.55670598956808,-2.99573227355399
"7A_106",-2.99573227355399,-2.99573227355399,-2.99573227355399,-2.99573227355399,-2.99573227355399,-2.99573227355399,-0.129278413070672,-0.129278413070672,-2.99573227355399
"7A_107",-2.99573227355399,-2.99573227355399,-2.99573227355399,-2.99573227355399,-2.99573227355399,-2.99573227355399,-0.154957456797198,-0.154957456797198,-2.99573227355399
"7A_108",-2.99573227355399,-2.99573227355399,-2.99573227355399,-2.99573227355399,-2.99573227355399,-2.99573227355399,0.410250240955421,0.281446826651868,-2.99573227355399
"7A_111",-2.99573227355399,-2.99573227355399,-2.99573227355399,-2.99573227355399,-2.99573227355399,-2.99573227355399,0.67959421415524,1.00879978939877,-2.99573227355399
"7A_112",-2.99573227355399,-2.99573227355399,-2.99573227355399,-2.99573227355399,-2.99573227355399,-2.99573227355399,-0.0155406942117085,-0.0155406942117085,-2.99573227355399
"7A_121",-2.99573227355399,-2.99573227355399,-2.99573227355399,-2.99573227355399,-2.99573227355399,1.61938824328727,-2.99573227355399,-2.99573227355399,-2.99573227355399
"7A_122",-2.99573227355399,-2.99573227355399,-2.99573227355399,-2.99573227355399,-2.99573227355399,-2.99573227355399,0.44798263409917,0.44798263409917,-2.99573227355399
"7A_123",-2.99573227355399,-2.99573227355399,-2.99573227355399,-2.99573227355399,-2.99573227355399,-2.99573227355399,0.133565545046788,-0.250261119037288,-2.99573227355399
"7A_127",-2.99573227355399,-2.99573227355399,-2.99573227355399,-2.99573227355399,-2.99573227355399,-2.99573227355399,1.39871688111845,1.39871688111845,-2.99573227355399
"7A_132",-2.99573227355399,-2.99573227355399,-2.99573227355399,-2.99573227355399,-2.99573227355399,-2.99573227355399,-0.714247352600031,-0.714247352600031,-2.99573227355399
"7A_133",-2.99573227355399,-2.99573227355399,-2.99573227355399,-2.99573227355399,-2.99573227355399,-2.99573227355399,0.799268276468485,0.799268276468485,-2.99573227355399
"7A_136",-2.99573227355399,-2.99573227355399,-2.99573227355399,-2.99573227355399,-2.99573227355399,-2.99573227355399,1.61938824328727,1.43904492650542,-2.99573227355399
