"","Cad1225","Cad0294","Cad0191","Cad0747","Cad1471","Cad0344","Cad0310","Cad1467","Cad0551","Cad1511","Cad0340","Cad1808","Cad0956","Cad0224","Cad1642","Cad1692","Cad0988","Cad1586","Cad1697","Cad0581","Cad1783","Cad0413","Cad1725","Cad0678","Cad0061","Cad1820","wt"
"7B_0",-2.99573227355399,-2.99573227355399,-2.99573227355399,-2.99573227355399,-2.99573227355399,-2.99573227355399,-2.99573227355399,-2.99573227355399,-2.99573227355399,-2.99573227355399,-2.99573227355399,-2.99573227355399,-2.99573227355399,-2.99573227355399,2.06599368002166,-2.99573227355399,-2.99573227355399,-2.99573227355399,-2.99573227355399,-2.99573227355399,-2.99573227355399,-2.99573227355399,-2.99573227355399,-2.99573227355399,2.28786950474642,2.06599368002166,-2.99573227355399
"7B_1",-2.99573227355399,-2.99573227355399,-2.99573227355399,-2.99573227355399,-2.99573227355399,-2.99573227355399,-2.99573227355399,-2.99573227355399,-2.99573227355399,-2.99573227355399,-2.99573227355399,-2.99573227355399,-2.99573227355399,-2.99573227355399,1.03949116566031,-2.99573227355399,-2.99573227355399,-2.99573227355399,-2.99573227355399,-2.99573227355399,-2.99573227355399,-2.99573227355399,-2.99573227355399,-2.99573227355399,0.642828070370237,1.03949116566031,-2.99573227355399
"7B_2",-2.99573227355399,-2.99573227355399,-2.99573227355399,-2.99573227355399,-2.99573227355399,-2.99573227355399,-2.99573227355399,-2.99573227355399,-2.99573227355399,-2.99573227355399,-2.99573227355399,-2.99573227355399,-2.99573227355399,-2.99573227355399,0.262364264467491,-2.99573227355399,-2.99573227355399,-2.99573227355399,-2.99573227355399,-2.99573227355399,-2.99573227355399,-2.99573227355399,-2.99573227355399,-2.99573227355399,0.262364264467491,0.262364264467491,-2.99573227355399
"7B_8",-2.99573227355399,-2.99573227355399,-2.99573227355399,-2.99573227355399,-2.99573227355399,-2.99573227355399,-2.99573227355399,-2.99573227355399,-2.99573227355399,-2.99573227355399,-2.99573227355399,-2.99573227355399,-2.99573227355399,-2.99573227355399,-0.393042588109607,-2.99573227355399,-2.99573227355399,-2.99573227355399,-2.99573227355399,-2.99573227355399,-2.99573227355399,-2.99573227355399,-2.99573227355399,-2.99573227355399,-0.393042588109607,-0.393042588109607,-2.99573227355399
"7B_9",-2.99573227355399,-2.99573227355399,-2.99573227355399,-2.99573227355399,-2.99573227355399,-2.99573227355399,-2.99573227355399,-2.99573227355399,-2.99573227355399,-2.99573227355399,-2.99573227355399,-2.99573227355399,-2.99573227355399,-2.99573227355399,1.06717076283329,-2.99573227355399,-2.99573227355399,-2.99573227355399,-2.99573227355399,-2.99573227355399,-2.99573227355399,-2.99573227355399,-2.99573227355399,-2.99573227355399,1.06717076283329,1.06717076283329,-2.99573227355399
"7B_10",-2.99573227355399,-2.99573227355399,-2.99573227355399,-2.99573227355399,-2.99573227355399,-2.99573227355399,-2.99573227355399,-2.99573227355399,-2.99573227355399,-2.99573227355399,-2.99573227355399,-2.99573227355399,-2.99573227355399,-2.99573227355399,-2.99573227355399,-2.99573227355399,-2.99573227355399,-2.99573227355399,-2.99573227355399,-2.99573227355399,-2.99573227355399,-2.99573227355399,-2.99573227355399,-2.99573227355399,0.708133334996809,0.708133334996809,-2.99573227355399
"7B_18",-2.99573227355399,-2.99573227355399,-2.99573227355399,-2.99573227355399,-2.99573227355399,-2.99573227355399,-2.99573227355399,-2.99573227355399,-2.99573227355399,-2.99573227355399,-2.99573227355399,-2.99573227355399,-2.99573227355399,-2.99573227355399,-2.99573227355399,-2.99573227355399,-2.99573227355399,-2.99573227355399,-2.99573227355399,-2.99573227355399,-2.99573227355399,-2.99573227355399,-2.99573227355399,-2.99573227355399,0.717839793150317,0.717839793150317,-2.99573227355399
"7B_19",-2.99573227355399,-2.99573227355399,-2.99573227355399,-2.99573227355399,-2.99573227355399,-2.99573227355399,-2.99573227355399,-2.99573227355399,-2.99573227355399,-2.99573227355399,-2.99573227355399,-2.99573227355399,-2.99573227355399,-2.99573227355399,-2.99573227355399,-2.99573227355399,-2.99573227355399,-2.99573227355399,-2.99573227355399,-2.99573227355399,-2.99573227355399,-2.99573227355399,-2.99573227355399,-2.99573227355399,-0.438135890397713,-0.438135890397713,-2.99573227355399
"7B_24",-2.99573227355399,-2.99573227355399,-2.99573227355399,-2.99573227355399,-2.99573227355399,-2.99573227355399,-2.99573227355399,-2.99573227355399,-2.99573227355399,-2.99573227355399,-2.99573227355399,-2.99573227355399,-2.99573227355399,-2.99573227355399,-2.99573227355399,-2.99573227355399,-2.99573227355399,-2.99573227355399,-2.99573227355399,-2.99573227355399,-2.99573227355399,-2.99573227355399,-2.99573227355399,-2.99573227355399,-0.199389465306103,-0.199389465306103,-2.99573227355399
"7B_30",-2.99573227355399,-2.99573227355399,-2.99573227355399,-2.99573227355399,-2.99573227355399,-2.99573227355399,-2.99573227355399,-2.99573227355399,-2.99573227355399,-2.99573227355399,-2.99573227355399,-2.99573227355399,-2.99573227355399,-2.99573227355399,-2.99573227355399,-2.99573227355399,-2.99573227355399,-2.99573227355399,-2.99573227355399,-2.99573227355399,-2.99573227355399,-2.99573227355399,-2.99573227355399,-2.99573227355399,-0.14349338535327,-0.14349338535327,-2.99573227355399
"7B_31",-2.99573227355399,-2.99573227355399,-2.99573227355399,-2.99573227355399,-2.99573227355399,-2.99573227355399,-2.99573227355399,-2.99573227355399,-2.99573227355399,-2.99573227355399,-2.99573227355399,-2.99573227355399,-2.99573227355399,-2.99573227355399,-2.99573227355399,-2.99573227355399,-2.99573227355399,-2.99573227355399,-2.99573227355399,-2.99573227355399,-2.99573227355399,-2.99573227355399,-2.99573227355399,-2.99573227355399,-0.199389465306103,-0.199389465306103,-2.99573227355399
"7B_32",-2.99573227355399,-2.99573227355399,-2.99573227355399,-2.99573227355399,-2.99573227355399,-2.99573227355399,-2.99573227355399,-2.99573227355399,-2.99573227355399,-2.99573227355399,-2.99573227355399,-2.99573227355399,-2.99573227355399,-2.99573227355399,-2.99573227355399,-2.99573227355399,-2.99573227355399,-2.99573227355399,-2.99573227355399,-2.99573227355399,-2.99573227355399,-2.99573227355399,-2.99573227355399,-2.99573227355399,0.324496045574495,0.324496045574495,-2.99573227355399
"7B_39",-2.99573227355399,-2.99573227355399,-2.99573227355399,-2.99573227355399,-2.99573227355399,-2.99573227355399,-2.99573227355399,-2.99573227355399,-2.99573227355399,-2.99573227355399,-2.99573227355399,-2.99573227355399,-2.99573227355399,-2.99573227355399,-2.99573227355399,-2.99573227355399,-2.99573227355399,-2.99573227355399,-2.99573227355399,-2.99573227355399,-2.99573227355399,-2.99573227355399,-2.99573227355399,-2.99573227355399,-0.139638999113319,-0.139638999113319,-2.99573227355399
"7B_40",-2.99573227355399,-2.99573227355399,-2.99573227355399,-2.99573227355399,-2.99573227355399,-2.99573227355399,-2.99573227355399,-2.99573227355399,-2.99573227355399,-2.99573227355399,-2.99573227355399,-2.99573227355399,-2.99573227355399,-2.99573227355399,-2.99573227355399,-2.99573227355399,-2.99573227355399,-2.99573227355399,-2.99573227355399,-2.99573227355399,-2.99573227355399,-2.99573227355399,-2.99573227355399,-2.99573227355399,0.145840016109328,0.145840016109328,-2.99573227355399
"7B_42",-2.99573227355399,-2.99573227355399,-2.99573227355399,-2.99573227355399,-2.99573227355399,-2.99573227355399,-2.99573227355399,-2.99573227355399,-2.99573227355399,-2.99573227355399,-2.99573227355399,-2.99573227355399,-2.99573227355399,-2.99573227355399,-2.99573227355399,-2.99573227355399,-2.99573227355399,-2.99573227355399,-2.99573227355399,-2.99573227355399,-2.99573227355399,-2.99573227355399,-2.99573227355399,-2.99573227355399,-0.447691807468443,-0.240318925941142,-2.99573227355399
"7B_43",-2.99573227355399,-2.99573227355399,-2.99573227355399,-2.99573227355399,-2.99573227355399,-2.99573227355399,-2.99573227355399,-2.99573227355399,-2.99573227355399,-2.99573227355399,-2.99573227355399,-2.99573227355399,-2.99573227355399,-2.99573227355399,-2.99573227355399,-2.99573227355399,-2.99573227355399,-2.99573227355399,-2.99573227355399,-2.99573227355399,-2.99573227355399,-2.99573227355399,-2.99573227355399,-2.99573227355399,0.058364196132052,0.058364196132052,-2.99573227355399
"7B_44",-2.99573227355399,-2.99573227355399,-2.99573227355399,-2.99573227355399,-2.99573227355399,-2.99573227355399,-2.99573227355399,-2.99573227355399,-2.99573227355399,-1.91027806946339,-2.99573227355399,-2.99573227355399,-2.99573227355399,-2.99573227355399,-2.99573227355399,-2.99573227355399,-2.99573227355399,-2.99573227355399,-2.99573227355399,-2.99573227355399,-2.99573227355399,-2.99573227355399,-2.99573227355399,-2.99573227355399,-1.06677168281245,-0.816090566775638,-2.99573227355399
"7B_45",-2.99573227355399,-2.99573227355399,-2.99573227355399,-2.99573227355399,-2.99573227355399,-2.99573227355399,-2.99573227355399,-2.99573227355399,-2.99573227355399,-1.1976953198068,-2.99573227355399,-2.99573227355399,-2.99573227355399,-2.99573227355399,-2.99573227355399,-2.99573227355399,-2.99573227355399,-2.99573227355399,-2.99573227355399,-2.99573227355399,-2.99573227355399,-2.99573227355399,-2.99573227355399,-2.99573227355399,-1.1976953198068,-1.1976953198068,-2.99573227355399
"7B_46",-2.99573227355399,-2.99573227355399,-2.99573227355399,-2.99573227355399,-2.99573227355399,-2.99573227355399,-2.99573227355399,-2.99573227355399,-2.99573227355399,-1.22100261499375,-2.99573227355399,-2.99573227355399,-2.99573227355399,-2.99573227355399,-2.99573227355399,-2.99573227355399,-2.99573227355399,-2.99573227355399,-2.99573227355399,-2.99573227355399,-2.99573227355399,-2.99573227355399,-2.99573227355399,-2.99573227355399,-0.49977211724179,-0.49977211724179,-2.99573227355399
"7B_47",-2.99573227355399,-2.99573227355399,-2.99573227355399,-2.99573227355399,-2.99573227355399,-2.99573227355399,-2.99573227355399,-2.99573227355399,-2.99573227355399,-2.14614214855275,-2.99573227355399,-2.99573227355399,-2.99573227355399,-2.99573227355399,-2.99573227355399,-2.99573227355399,-2.99573227355399,-2.99573227355399,-2.99573227355399,-2.99573227355399,-2.99573227355399,-2.99573227355399,-2.99573227355399,-2.99573227355399,-0.0832215612153885,-0.158746229903888,-2.99573227355399
"7B_48",-2.99573227355399,-2.99573227355399,-2.99573227355399,-2.99573227355399,-2.99573227355399,-2.99573227355399,-2.99573227355399,-2.99573227355399,-2.99573227355399,-2.99573227355399,-2.99573227355399,-2.99573227355399,-2.99573227355399,-2.99573227355399,-2.99573227355399,-2.99573227355399,-2.99573227355399,-2.99573227355399,-2.99573227355399,-2.99573227355399,-2.99573227355399,-2.99573227355399,-2.99573227355399,-2.99573227355399,-1.94232182356092,-1.94232182356092,-2.99573227355399
"7B_49",-2.99573227355399,-2.99573227355399,-2.99573227355399,-2.99573227355399,-2.99573227355399,-2.99573227355399,-2.99573227355399,-2.99573227355399,-2.99573227355399,-2.99573227355399,-2.99573227355399,-2.99573227355399,-2.99573227355399,-2.99573227355399,-2.99573227355399,-2.99573227355399,-2.99573227355399,-2.99573227355399,-2.99573227355399,-2.99573227355399,-2.99573227355399,-2.99573227355399,-2.99573227355399,-2.99573227355399,-1.72065406604037,-1.55501444799866,-2.99573227355399
"7B_50",-2.99573227355399,-2.99573227355399,-2.99573227355399,-2.99573227355399,-2.99573227355399,-2.99573227355399,-2.64358423430622,-2.99573227355399,-2.99573227355399,-2.99573227355399,-2.99573227355399,-2.99573227355399,-2.99573227355399,-2.99573227355399,-2.99573227355399,-2.99573227355399,-2.99573227355399,-2.99573227355399,-2.99573227355399,-2.99573227355399,-2.99573227355399,-2.99573227355399,-2.99573227355399,-2.99573227355399,-0.947535737566713,-0.750524126954665,-2.99573227355399
"7B_51",-2.95876700339919,-2.92311959406507,-2.82322125583683,-2.85542445395,-2.64914931724112,-2.62287039440947,-2.57229774971456,-2.99573227355399,-2.99573227355399,-2.99573227355399,-2.99573227355399,-2.99573227355399,-2.99573227355399,-2.99573227355399,-2.99573227355399,-2.99573227355399,-2.99573227355399,-2.99573227355399,-2.99573227355399,-2.99573227355399,-2.99573227355399,-2.99573227355399,-2.99573227355399,-2.99573227355399,-1.11847172313596,-0.603174548138689,-2.99573227355399
"7B_52",-2.99573227355399,-2.99573227355399,-2.99573227355399,-2.89434892652312,-2.89434892652312,-2.89434892652312,-2.89434892652312,-2.99573227355399,-2.99573227355399,-2.99573227355399,-2.99573227355399,-2.99573227355399,-2.99573227355399,-2.99573227355399,-2.99573227355399,-2.99573227355399,-2.99573227355399,-2.99573227355399,-2.99573227355399,-2.99573227355399,-2.99573227355399,-2.99573227355399,-2.99573227355399,-2.99573227355399,-2.56817692494827,-0.859313132976534,-2.99573227355399
"7B_56",-2.99573227355399,-2.99573227355399,-2.99573227355399,-2.99573227355399,-2.99573227355399,-2.99573227355399,-2.99573227355399,-2.99573227355399,-0.755347470570689,-2.99573227355399,-2.99573227355399,-2.99573227355399,-2.99573227355399,-2.99573227355399,-2.99573227355399,-2.99573227355399,-2.99573227355399,-2.99573227355399,-2.99573227355399,-2.99573227355399,-2.99573227355399,-2.99573227355399,-2.99573227355399,-2.99573227355399,-2.99573227355399,-0.537253201097459,-2.99573227355399
"7B_58",-2.99573227355399,-2.99573227355399,-2.99573227355399,-2.99573227355399,-2.99573227355399,-2.99573227355399,-2.99573227355399,-2.99573227355399,-2.99573227355399,-2.99573227355399,-2.99573227355399,-2.99573227355399,-2.99573227355399,-2.99573227355399,-2.99573227355399,-2.99573227355399,-2.99573227355399,-2.99573227355399,-2.99573227355399,-2.99573227355399,-2.99573227355399,-2.99573227355399,-2.99573227355399,-2.99573227355399,-2.99573227355399,-0.430782916092454,-2.99573227355399
"7B_59",-2.99573227355399,-2.99573227355399,-2.99573227355399,-2.99573227355399,-2.99573227355399,-2.99573227355399,-2.99573227355399,-2.99573227355399,-1.46606585783484,-2.99573227355399,-2.99573227355399,-2.99573227355399,-2.99573227355399,-2.99573227355399,-2.99573227355399,-2.99573227355399,-2.99573227355399,-2.99573227355399,-2.99573227355399,-2.99573227355399,-2.99573227355399,-2.99573227355399,-2.99573227355399,-2.99573227355399,-2.99573227355399,-1.46606585783484,-2.99573227355399
"7B_60",-2.99573227355399,-2.99573227355399,-2.99573227355399,-2.99573227355399,-2.99573227355399,-2.99573227355399,-2.99573227355399,-2.99573227355399,-2.99573227355399,-2.99573227355399,-2.99573227355399,-2.99573227355399,-2.99573227355399,-2.99573227355399,-2.99573227355399,-2.99573227355399,-2.99573227355399,-2.99573227355399,-2.99573227355399,-2.99573227355399,-2.99573227355399,-2.99573227355399,-2.99573227355399,-2.99573227355399,-2.99573227355399,-0.673795409898995,-2.99573227355399
"7B_61",-2.99573227355399,-2.99573227355399,-2.99573227355399,-2.99573227355399,-2.99573227355399,-2.99573227355399,-2.99573227355399,-2.99573227355399,-2.99573227355399,-2.99573227355399,-2.99573227355399,-2.99573227355399,-2.99573227355399,-2.99573227355399,-2.99573227355399,-2.99573227355399,-2.99573227355399,-2.99573227355399,-2.99573227355399,-2.99573227355399,-2.99573227355399,-2.99573227355399,-2.99573227355399,-2.99573227355399,-2.99573227355399,-0.898591154774755,-2.99573227355399
"7B_64",-2.99573227355399,-2.99573227355399,-2.99573227355399,-2.99573227355399,-2.99573227355399,-2.99573227355399,-2.99573227355399,-2.99573227355399,-2.99573227355399,-2.99573227355399,-2.99573227355399,-2.99573227355399,-2.99573227355399,-2.99573227355399,-2.99573227355399,-2.99573227355399,-2.99573227355399,-2.99573227355399,-2.99573227355399,-2.99573227355399,-2.99573227355399,-2.99573227355399,-2.99573227355399,-2.99573227355399,-2.99573227355399,-0.663362619202419,-2.99573227355399
"7B_65",-2.99573227355399,-2.99573227355399,-2.99573227355399,-2.99573227355399,-2.99573227355399,-2.99573227355399,-2.99573227355399,-2.99573227355399,-2.99573227355399,-2.99573227355399,-2.99573227355399,-2.99573227355399,-2.99573227355399,-2.99573227355399,-2.99573227355399,-2.99573227355399,-2.99573227355399,-2.99573227355399,-2.99573227355399,-2.99573227355399,-2.99573227355399,-2.99573227355399,-2.99573227355399,-2.99573227355399,-2.99573227355399,-0.360612412835899,-2.99573227355399
"7B_69",-2.99573227355399,-2.99573227355399,-2.99573227355399,-2.99573227355399,-2.99573227355399,-2.99573227355399,-2.99573227355399,-2.99573227355399,-2.99573227355399,-2.99573227355399,-2.99573227355399,-1.04896449151301,-2.99573227355399,-2.99573227355399,-2.99573227355399,-2.99573227355399,-2.99573227355399,-2.99573227355399,-2.99573227355399,-2.99573227355399,-2.99573227355399,-2.99573227355399,-2.99573227355399,-2.99573227355399,-2.99573227355399,-0.161577254423775,-2.99573227355399
"7B_71",-2.99573227355399,-2.99573227355399,-2.99573227355399,-2.99573227355399,-2.99573227355399,-2.99573227355399,-2.99573227355399,-2.99573227355399,-2.99573227355399,-2.99573227355399,-2.99573227355399,-0.234785126329695,-2.99573227355399,-2.99573227355399,-2.99573227355399,-2.99573227355399,-2.99573227355399,-2.99573227355399,-2.99573227355399,-2.99573227355399,-2.99573227355399,-2.99573227355399,-2.99573227355399,-2.99573227355399,-2.99573227355399,-0.234785126329695,-2.99573227355399
"7B_75",-2.99573227355399,-2.99573227355399,-2.99573227355399,-2.99573227355399,-2.99573227355399,-2.99573227355399,-2.99573227355399,-2.99573227355399,-2.99573227355399,-2.99573227355399,-2.99573227355399,0.082749284711883,-2.99573227355399,-2.99573227355399,-2.99573227355399,-2.99573227355399,-2.99573227355399,-2.99573227355399,-2.99573227355399,-2.99573227355399,-2.99573227355399,-2.99573227355399,-2.99573227355399,-2.99573227355399,-2.99573227355399,0.082749284711883,-2.99573227355399
"7B_78",-2.99573227355399,-2.99573227355399,-2.99573227355399,-2.99573227355399,-2.99573227355399,-2.99573227355399,-2.99573227355399,-2.99573227355399,-2.99573227355399,-2.99573227355399,-2.99573227355399,0.574991666215561,-2.99573227355399,-2.99573227355399,-2.99573227355399,-2.99573227355399,-2.99573227355399,-2.99573227355399,-2.99573227355399,-2.99573227355399,-2.99573227355399,-2.99573227355399,-2.99573227355399,-2.99573227355399,-2.99573227355399,0.472752438479184,-2.99573227355399
"7B_81",-2.99573227355399,-2.99573227355399,-2.99573227355399,-2.99573227355399,-2.99573227355399,-2.99573227355399,-2.99573227355399,-2.99573227355399,-2.99573227355399,-2.99573227355399,-2.99573227355399,-0.092039671682166,-2.99573227355399,-2.99573227355399,-2.99573227355399,-2.99573227355399,-2.99573227355399,-2.99573227355399,-2.99573227355399,-2.99573227355399,-2.99573227355399,-2.99573227355399,-2.99573227355399,-2.99573227355399,-2.99573227355399,-0.092039671682166,-2.99573227355399
"7B_87",-2.99573227355399,-2.99573227355399,-2.99573227355399,-2.99573227355399,-2.99573227355399,-2.99573227355399,-2.99573227355399,-2.99573227355399,-2.99573227355399,-2.99573227355399,-2.99573227355399,-2.99573227355399,-2.99573227355399,-2.99573227355399,-2.99573227355399,-2.99573227355399,-2.99573227355399,-2.99573227355399,-2.99573227355399,-2.99573227355399,-2.99573227355399,-2.99573227355399,-2.99573227355399,-2.99573227355399,-2.99573227355399,-0.14349338535327,-2.99573227355399
"7B_95",-2.99573227355399,-2.99573227355399,-2.99573227355399,-2.99573227355399,-2.99573227355399,-2.99573227355399,-2.99573227355399,-2.99573227355399,-2.99573227355399,-2.99573227355399,-2.99573227355399,-2.99573227355399,-0.340862022939193,-0.605378514628407,-2.99573227355399,-0.605378514628407,-0.340862022939193,-0.340862022939193,-0.340862022939193,-0.340862022939193,-0.340862022939193,-0.340862022939193,-0.340862022939193,-0.340862022939193,-2.99573227355399,-0.605378514628407,-2.99573227355399
"7B_96",-2.99573227355399,-2.99573227355399,-2.99573227355399,-2.99573227355399,-2.99573227355399,-2.99573227355399,-2.99573227355399,-2.99573227355399,-2.99573227355399,-2.99573227355399,-2.99573227355399,-2.99573227355399,-0.823016581631675,-0.823016581631675,-2.99573227355399,-0.823016581631675,-0.823016581631675,-0.823016581631675,-0.823016581631675,-0.823016581631675,-0.823016581631675,-0.823016581631675,-0.823016581631675,-0.823016581631675,-2.99573227355399,-0.823016581631675,-2.99573227355399
"7B_98",-2.99573227355399,-2.99573227355399,-2.99573227355399,-2.99573227355399,-2.99573227355399,-2.99573227355399,-2.99573227355399,-2.99573227355399,-2.99573227355399,-2.99573227355399,-2.99573227355399,-2.99573227355399,-2.99573227355399,-2.99573227355399,-2.99573227355399,-2.99573227355399,-2.99573227355399,-2.99573227355399,-2.99573227355399,-2.99573227355399,-2.99573227355399,-2.99573227355399,-2.99573227355399,-0.702320530490203,-2.99573227355399,-0.702320530490203,-2.99573227355399
"7B_107",-2.99573227355399,-2.99573227355399,-2.99573227355399,-2.99573227355399,-2.99573227355399,-2.99573227355399,-2.99573227355399,-2.99573227355399,-2.99573227355399,-2.99573227355399,-2.99573227355399,-2.99573227355399,1.57109300612621,1.57109300612621,-2.99573227355399,1.57109300612621,1.57109300612621,1.57109300612621,1.57109300612621,1.57109300612621,1.57109300612621,1.57109300612621,1.57109300612621,1.57109300612621,-2.99573227355399,1.57109300612621,-2.99573227355399
"7B_109",-2.99573227355399,-2.99573227355399,-2.99573227355399,-2.99573227355399,-2.99573227355399,-2.99573227355399,-2.99573227355399,-2.99573227355399,-2.99573227355399,-2.99573227355399,-2.99573227355399,-2.99573227355399,0.274462161837003,0.552599064252127,-2.99573227355399,0.667180021903488,0.667180021903488,0.667180021903488,0.667180021903488,0.552599064252127,0.667180021903488,0.667180021903488,0.667180021903488,0.552599064252127,-2.99573227355399,0.769971472230648,-2.99573227355399
"7B_111",-2.99573227355399,-2.99573227355399,-2.99573227355399,-2.99573227355399,-2.99573227355399,-2.99573227355399,-2.99573227355399,-2.99573227355399,-2.99573227355399,-2.99573227355399,-2.99573227355399,-2.99573227355399,0.624965668143874,0.624965668143874,-2.99573227355399,0.624965668143874,0.624965668143874,0.624965668143874,0.624965668143874,0.624965668143874,0.624965668143874,0.624965668143874,0.624965668143874,0.624965668143874,-2.99573227355399,0.624965668143874,-2.99573227355399
"7B_112",-2.99573227355399,-2.99573227355399,-2.99573227355399,-2.99573227355399,-2.99573227355399,-2.99573227355399,-2.99573227355399,-2.99573227355399,-2.99573227355399,-2.99573227355399,-2.99573227355399,-2.99573227355399,-0.218780103314239,-0.362612883113276,-2.99573227355399,-0.218780103314239,-0.218780103314239,-0.218780103314239,-0.218780103314239,-0.0930576057305796,-0.218780103314239,-0.218780103314239,-0.0930576057305796,-0.218780103314239,-2.99573227355399,-0.0930576057305796,-2.99573227355399
"7B_113",-2.99573227355399,-2.99573227355399,-2.99573227355399,-2.99573227355399,-2.99573227355399,-2.99573227355399,-2.99573227355399,-2.99573227355399,-2.99573227355399,-2.99573227355399,-2.99573227355399,-2.99573227355399,-0.48320783119626,-0.359861043665102,-2.99573227355399,-0.359861043665102,-0.359861043665102,-0.359861043665102,-0.359861043665102,-0.250071707429673,-0.359861043665102,-0.250071707429673,-0.359861043665102,-0.359861043665102,-2.99573227355399,-0.359861043665102,-2.99573227355399
"7B_114",-2.99573227355399,-2.99573227355399,-2.99573227355399,-2.99573227355399,-2.99573227355399,-2.99573227355399,-2.99573227355399,-2.99573227355399,-2.99573227355399,-2.99573227355399,-2.99573227355399,-2.99573227355399,0.162765378000086,0.162765378000086,-2.99573227355399,0.162765378000086,0.162765378000086,0.162765378000086,0.162765378000086,0.162765378000086,0.162765378000086,0.162765378000086,0.162765378000086,0.162765378000086,-2.99573227355399,0.162765378000086,-2.99573227355399
"7B_115",-2.99573227355399,-2.99573227355399,-2.99573227355399,-2.99573227355399,-2.99573227355399,-2.99573227355399,-2.99573227355399,-2.99573227355399,-2.99573227355399,-2.99573227355399,-2.99573227355399,-2.99573227355399,-0.154957456797198,0.118021955738752,-2.99573227355399,0.118021955738752,0.118021955738752,0.118021955738752,0.118021955738752,0.118021955738752,0.118021955738752,0.118021955738752,0.118021955738752,0.118021955738752,-2.99573227355399,0.118021955738752,-2.99573227355399
"7B_116",-2.99573227355399,-2.99573227355399,-2.99573227355399,-2.99573227355399,-2.99573227355399,-2.99573227355399,-2.99573227355399,-2.99573227355399,-2.99573227355399,-2.99573227355399,-2.99573227355399,-2.99573227355399,-0.0199654312456977,-0.0199654312456977,-2.99573227355399,-0.0199654312456977,-0.0199654312456977,-0.0199654312456977,-0.0199654312456977,-0.0199654312456977,-0.0199654312456977,-0.0199654312456977,-0.0199654312456977,-0.0199654312456977,-2.99573227355399,-0.0199654312456977,-2.99573227355399
"7B_117",-2.99573227355399,-2.99573227355399,-2.99573227355399,-2.99573227355399,-2.99573227355399,-2.99573227355399,-2.99573227355399,-2.99573227355399,-2.99573227355399,-2.99573227355399,-2.99573227355399,-2.99573227355399,-0.227818641643204,-0.227818641643204,-2.99573227355399,-0.227818641643204,-0.227818641643204,-0.227818641643204,-0.227818641643204,-0.227818641643204,-0.227818641643204,-0.227818641643204,-0.227818641643204,-0.227818641643204,-2.99573227355399,-0.227818641643204,-2.99573227355399
"7B_119",-2.99573227355399,-2.99573227355399,-2.99573227355399,-2.99573227355399,-2.99573227355399,-2.99573227355399,-2.99573227355399,-1.79082532623626,-2.99573227355399,-2.99573227355399,-0.0155406942117085,-2.99573227355399,-0.0155406942117085,-0.0155406942117085,-2.99573227355399,-0.0155406942117085,-0.0155406942117085,-0.0155406942117085,-0.0155406942117085,0.0965837949202353,0.0965837949202353,0.0965837949202353,0.0965837949202353,-0.0155406942117085,-2.99573227355399,0.0965837949202353,-2.99573227355399
